,path,name,set_id,composer_path,composer_name,composer_gender,desc,sets,scores,scores_paths,track_names,contains_piano_track?,type0_path
2,"Abrams,_Harriett/_/Crazy_Jane",Crazy Jane,5106769,"Abrams,_Harriett",Harriett Abrams,Female,"English musician, singer, composer",1,2,"../Lieder/scores/Abrams,_Harriett/_/Crazy_Jane/lc6583907.mid","['voice', 'piano', 'piano']",True,"../author-profiling-in-symbolic-music/type 0 midis/Abrams,_Harriett/_/Crazy_Jane/lc6583907.mid_type0.mid"
3,"Abrams,_Harriett/_/The_Orphan’s_Prayer",The Orphan’s Prayer,5106769,"Abrams,_Harriett",Harriett Abrams,Female,"English musician, singer, composer",1,2,"../Lieder/scores/Abrams,_Harriett/_/The_Orphan’s_Prayer/lc6583966.mid","['voice', 'piano', 'piano']",True,"../author-profiling-in-symbolic-music/type 0 midis/Abrams,_Harriett/_/The_Orphan’s_Prayer/lc6583966.mid_type0.mid"
41,"Bianchi_Lacy,_Jane/_/Helen",Helen,5106889,"Bianchi_Lacy,_Jane",Jane Bianchi,Female,English singer in London and Oudh,1,1,"../Lieder/scores/Bianchi_Lacy,_Jane/_/Helen/lc6592481.mid","['voice', 'piano', 'piano']",True,"../author-profiling-in-symbolic-music/type 0 midis/Bianchi_Lacy,_Jane/_/Helen/lc6592481.mid_type0.mid"
42,"Bishop,_Henry/_/Home,_Sweet_Home","Home, Sweet Home",5105780,"Bishop,_Henry",Henry Bishop,Male,British composer,1,2,"../Lieder/scores/Bishop,_Henry/_/Home,_Sweet_Home/lc6486038.mid","['voice', 'piano', 'piano']",True,"../author-profiling-in-symbolic-music/type 0 midis/Bishop,_Henry/_/Home,_Sweet_Home/lc6486038.mid_type0.mid"
43,"Bishop,_Henry/_/Sappho_at_her_Loom",Sappho at her Loom,5105780,"Bishop,_Henry",Henry Bishop,Male,British composer,1,2,"../Lieder/scores/Bishop,_Henry/_/Sappho_at_her_Loom/lc6446003.mid","['voice', 'piano', 'piano']",True,"../author-profiling-in-symbolic-music/type 0 midis/Bishop,_Henry/_/Sappho_at_her_Loom/lc6446003.mid_type0.mid"
288,"Delius,_Frederick/2_Songs,_RT_V16/1_Il_pleure_dans_mon_cœur",Il pleure dans mon cœur,5106276,"Delius,_Frederick",Frederick Delius,Male,English composer,2,6,"../Lieder/scores/Delius,_Frederick/2_Songs,_RT_V16/1_Il_pleure_dans_mon_cœur/lc6510449.mid","['voice', 'piano', 'piano']",True,"../author-profiling-in-symbolic-music/type 0 midis/Delius,_Frederick/2_Songs,_RT_V16/1_Il_pleure_dans_mon_cœur/lc6510449.mid_type0.mid"
289,"Delius,_Frederick/2_Songs,_RT_V16/2_Le_ciel_est_par-dessus_le_toit",Le ciel est par-dessus le toit,5106276,"Delius,_Frederick",Frederick Delius,Male,English composer,2,6,"../Lieder/scores/Delius,_Frederick/2_Songs,_RT_V16/2_Le_ciel_est_par-dessus_le_toit/lc6510502.mid","['voice', 'piano', 'piano']",True,"../author-profiling-in-symbolic-music/type 0 midis/Delius,_Frederick/2_Songs,_RT_V16/2_Le_ciel_est_par-dessus_le_toit/lc6510502.mid_type0.mid"
290,"Delius,_Frederick/4_Old_English_Lyrics/1_It_was_a_Lover_and_His_Lass",It was a Lover and His Lass,5103561,"Delius,_Frederick",Frederick Delius,Male,English composer,2,6,"../Lieder/scores/Delius,_Frederick/4_Old_English_Lyrics/1_It_was_a_Lover_and_His_Lass/lc6230256.mid","['voice', 'piano', 'piano']",True,"../author-profiling-in-symbolic-music/type 0 midis/Delius,_Frederick/4_Old_English_Lyrics/1_It_was_a_Lover_and_His_Lass/lc6230256.mid_type0.mid"
291,"Delius,_Frederick/4_Old_English_Lyrics/2_So_White,_so_Soft,_so_Sweet_is_She","So White, so Soft, so Sweet is She",5103561,"Delius,_Frederick",Frederick Delius,Male,English composer,2,6,"../Lieder/scores/Delius,_Frederick/4_Old_English_Lyrics/2_So_White,_so_Soft,_so_Sweet_is_She/lc6230258.mid","['voice', 'piano', 'piano']",True,"../author-profiling-in-symbolic-music/type 0 midis/Delius,_Frederick/4_Old_English_Lyrics/2_So_White,_so_Soft,_so_Sweet_is_She/lc6230258.mid_type0.mid"
292,"Delius,_Frederick/4_Old_English_Lyrics/3_Spring,_the_Sweet_Spring","Spring, the Sweet Spring",5103561,"Delius,_Frederick",Frederick Delius,Male,English composer,2,6,"../Lieder/scores/Delius,_Frederick/4_Old_English_Lyrics/3_Spring,_the_Sweet_Spring/lc6230260.mid","['voice', 'piano', 'piano']",True,"../author-profiling-in-symbolic-music/type 0 midis/Delius,_Frederick/4_Old_English_Lyrics/3_Spring,_the_Sweet_Spring/lc6230260.mid_type0.mid"
293,"Delius,_Frederick/4_Old_English_Lyrics/4_To_Daffodils",To Daffodils,5103561,"Delius,_Frederick",Frederick Delius,Male,English composer,2,6,"../Lieder/scores/Delius,_Frederick/4_Old_English_Lyrics/4_To_Daffodils/lc6230261.mid","['voice', 'piano', 'piano']",True,"../author-profiling-in-symbolic-music/type 0 midis/Delius,_Frederick/4_Old_English_Lyrics/4_To_Daffodils/lc6230261.mid_type0.mid"
294,"Dickson,_Ellen/_/Destiny",Destiny,5107056,"Dickson,_Ellen",Ellen Dickson,Female,English ballad composer,1,4,"../Lieder/scores/Dickson,_Ellen/_/Destiny/lc6601006.mid","['voice', 'piano', 'piano']",True,"../author-profiling-in-symbolic-music/type 0 midis/Dickson,_Ellen/_/Destiny/lc6601006.mid_type0.mid"
295,"Dickson,_Ellen/_/Drifting",Drifting,5107056,"Dickson,_Ellen",Ellen Dickson,Female,English ballad composer,1,4,"../Lieder/scores/Dickson,_Ellen/_/Drifting/lc6601058.mid","['voice', 'piano', 'piano']",True,"../author-profiling-in-symbolic-music/type 0 midis/Dickson,_Ellen/_/Drifting/lc6601058.mid_type0.mid"
296,"Dickson,_Ellen/_/The_Brook",The Brook,5107056,"Dickson,_Ellen",Ellen Dickson,Female,English ballad composer,1,4,"../Lieder/scores/Dickson,_Ellen/_/The_Brook/lc6600532.mid","['voice', 'piano', 'piano']",True,"../author-profiling-in-symbolic-music/type 0 midis/Dickson,_Ellen/_/The_Brook/lc6600532.mid_type0.mid"
297,"Dickson,_Ellen/_/The_Land_of_Long_Ago",The Land of Long Ago,5107056,"Dickson,_Ellen",Ellen Dickson,Female,English ballad composer,1,4,"../Lieder/scores/Dickson,_Ellen/_/The_Land_of_Long_Ago/lc6600932.mid","['voice', 'piano', 'piano']",True,"../author-profiling-in-symbolic-music/type 0 midis/Dickson,_Ellen/_/The_Land_of_Long_Ago/lc6600932.mid_type0.mid"
344,"Fauré,_Gabriel/3_Songs,_Op.7/1_Après_un_rêve",Après un rêve,5108674,"Fauré,_Gabriel",Gabriel Fauré,Male,"French composer, organist, pianist and teacher",3,12,"../Lieder/scores/Fauré,_Gabriel/3_Songs,_Op.7/1_Après_un_rêve/lc6810863.mid","['other', 'piano', 'piano']",True,"../author-profiling-in-symbolic-music/type 0 midis/Fauré,_Gabriel/3_Songs,_Op.7/1_Après_un_rêve/lc6810863.mid_type0.mid"
345,"Fauré,_Gabriel/3_Songs,_Op.7/2_Hymne",Hymne,5108674,"Fauré,_Gabriel",Gabriel Fauré,Male,"French composer, organist, pianist and teacher",3,12,"../Lieder/scores/Fauré,_Gabriel/3_Songs,_Op.7/2_Hymne/lc6772652.mid","['voice', 'piano', 'piano']",True,"../author-profiling-in-symbolic-music/type 0 midis/Fauré,_Gabriel/3_Songs,_Op.7/2_Hymne/lc6772652.mid_type0.mid"
346,"Fauré,_Gabriel/3_Songs,_Op.7/3_Barcarolle",Barcarolle,5108674,"Fauré,_Gabriel",Gabriel Fauré,Male,"French composer, organist, pianist and teacher",3,12,"../Lieder/scores/Fauré,_Gabriel/3_Songs,_Op.7/3_Barcarolle/lc6772888.mid","['voice', 'piano', 'piano']",True,"../author-profiling-in-symbolic-music/type 0 midis/Fauré,_Gabriel/3_Songs,_Op.7/3_Barcarolle/lc6772888.mid_type0.mid"
347,"Fauré,_Gabriel/4_Songs,_Op.51/1_Larmes",Larmes,5102376,"Fauré,_Gabriel",Gabriel Fauré,Male,"French composer, organist, pianist and teacher",3,12,"../Lieder/scores/Fauré,_Gabriel/4_Songs,_Op.51/1_Larmes/lc6135958.mid","['voice', 'piano', 'piano']",True,"../author-profiling-in-symbolic-music/type 0 midis/Fauré,_Gabriel/4_Songs,_Op.51/1_Larmes/lc6135958.mid_type0.mid"
348,"Fauré,_Gabriel/4_Songs,_Op.51/2_Au_cimetière",Au cimetière,5102376,"Fauré,_Gabriel",Gabriel Fauré,Male,"French composer, organist, pianist and teacher",3,12,"../Lieder/scores/Fauré,_Gabriel/4_Songs,_Op.51/2_Au_cimetière/lc6137985.mid","['voice', 'piano', 'piano']",True,"../author-profiling-in-symbolic-music/type 0 midis/Fauré,_Gabriel/4_Songs,_Op.51/2_Au_cimetière/lc6137985.mid_type0.mid"
349,"Fauré,_Gabriel/4_Songs,_Op.51/3_Spleen",Spleen,5102376,"Fauré,_Gabriel",Gabriel Fauré,Male,"French composer, organist, pianist and teacher",3,12,"../Lieder/scores/Fauré,_Gabriel/4_Songs,_Op.51/3_Spleen/lc6141092.mid","['voice', 'piano', 'piano']",True,"../author-profiling-in-symbolic-music/type 0 midis/Fauré,_Gabriel/4_Songs,_Op.51/3_Spleen/lc6141092.mid_type0.mid"
350,"Fauré,_Gabriel/4_Songs,_Op.51/4_La_rose",La rose,5102376,"Fauré,_Gabriel",Gabriel Fauré,Male,"French composer, organist, pianist and teacher",3,12,"../Lieder/scores/Fauré,_Gabriel/4_Songs,_Op.51/4_La_rose/lc6138105.mid","['voice', 'piano', 'piano']",True,"../author-profiling-in-symbolic-music/type 0 midis/Fauré,_Gabriel/4_Songs,_Op.51/4_La_rose/lc6138105.mid_type0.mid"
351,"Fauré,_Gabriel/Cinq_Mélodies,_Op.58/1_Mandoline",Mandoline,5099424,"Fauré,_Gabriel",Gabriel Fauré,Male,"French composer, organist, pianist and teacher",3,12,"../Lieder/scores/Fauré,_Gabriel/Cinq_Mélodies,_Op.58/1_Mandoline/lc5598547.mid","['voice', 'piano', 'piano']",True,"../author-profiling-in-symbolic-music/type 0 midis/Fauré,_Gabriel/Cinq_Mélodies,_Op.58/1_Mandoline/lc5598547.mid_type0.mid"
352,"Fauré,_Gabriel/Cinq_Mélodies,_Op.58/2_En_sourdine",En sourdine,5099424,"Fauré,_Gabriel",Gabriel Fauré,Male,"French composer, organist, pianist and teacher",3,12,"../Lieder/scores/Fauré,_Gabriel/Cinq_Mélodies,_Op.58/2_En_sourdine/lc5626070.mid","['voice', 'piano', 'piano']",True,"../author-profiling-in-symbolic-music/type 0 midis/Fauré,_Gabriel/Cinq_Mélodies,_Op.58/2_En_sourdine/lc5626070.mid_type0.mid"
353,"Fauré,_Gabriel/Cinq_Mélodies,_Op.58/3_Green",Green,5099424,"Fauré,_Gabriel",Gabriel Fauré,Male,"French composer, organist, pianist and teacher",3,12,"../Lieder/scores/Fauré,_Gabriel/Cinq_Mélodies,_Op.58/3_Green/lc5627879.mid","['voice', 'piano', 'piano']",True,"../author-profiling-in-symbolic-music/type 0 midis/Fauré,_Gabriel/Cinq_Mélodies,_Op.58/3_Green/lc5627879.mid_type0.mid"
354,"Fauré,_Gabriel/Cinq_Mélodies,_Op.58/4_A_Clymène",A Clymène,5099424,"Fauré,_Gabriel",Gabriel Fauré,Male,"French composer, organist, pianist and teacher",3,12,"../Lieder/scores/Fauré,_Gabriel/Cinq_Mélodies,_Op.58/4_A_Clymène/lc5612951.mid","['voice', 'piano', 'piano']",True,"../author-profiling-in-symbolic-music/type 0 midis/Fauré,_Gabriel/Cinq_Mélodies,_Op.58/4_A_Clymène/lc5612951.mid_type0.mid"
355,"Fauré,_Gabriel/Cinq_Mélodies,_Op.58/5_C’est_l’extase",C’est l’extase,5099424,"Fauré,_Gabriel",Gabriel Fauré,Male,"French composer, organist, pianist and teacher",3,12,"../Lieder/scores/Fauré,_Gabriel/Cinq_Mélodies,_Op.58/5_C’est_l’extase/lc5605080.mid","['voice', 'piano', 'piano']",True,"../author-profiling-in-symbolic-music/type 0 midis/Fauré,_Gabriel/Cinq_Mélodies,_Op.58/5_C’est_l’extase/lc5605080.mid_type0.mid"
400,"Gabriel,_Virginia/_/Alone",Alone,5107057,"Gabriel,_Virginia",Virginia Gabriel,Female,English singer and composer,1,4,"../Lieder/scores/Gabriel,_Virginia/_/Alone/lc6601231.mid","['voice', 'piano', 'piano']",True,"../author-profiling-in-symbolic-music/type 0 midis/Gabriel,_Virginia/_/Alone/lc6601231.mid_type0.mid"
401,"Gabriel,_Virginia/_/Only",Only,5107057,"Gabriel,_Virginia",Virginia Gabriel,Female,English singer and composer,1,4,"../Lieder/scores/Gabriel,_Virginia/_/Only/lc6603244.mid","['voice', 'voice', 'piano', 'piano']",True,"../author-profiling-in-symbolic-music/type 0 midis/Gabriel,_Virginia/_/Only/lc6603244.mid_type0.mid"
402,"Gabriel,_Virginia/_/Sacred_Vows",Sacred Vows,5107057,"Gabriel,_Virginia",Virginia Gabriel,Female,English singer and composer,1,4,"../Lieder/scores/Gabriel,_Virginia/_/Sacred_Vows/lc6602016.mid","['voice', 'piano', 'piano']",True,"../author-profiling-in-symbolic-music/type 0 midis/Gabriel,_Virginia/_/Sacred_Vows/lc6602016.mid_type0.mid"
403,"Gabriel,_Virginia/_/The_Skipper_and_his_Boy",The Skipper and his Boy,5107057,"Gabriel,_Virginia",Virginia Gabriel,Female,English singer and composer,1,4,"../Lieder/scores/Gabriel,_Virginia/_/The_Skipper_and_his_Boy/lc6604146.mid","['voice', 'piano', 'piano']",True,"../author-profiling-in-symbolic-music/type 0 midis/Gabriel,_Virginia/_/The_Skipper_and_his_Boy/lc6604146.mid_type0.mid"
404,"Gail,_Sophie/_/Le_serment",Le serment,5107059,"Gail,_Sophie",Sophie Gail,Female,French singer and composer,1,2,"../Lieder/scores/Gail,_Sophie/_/Le_serment/lc6604249.mid","['voice', 'voice', 'piano', 'piano']",True,"../author-profiling-in-symbolic-music/type 0 midis/Gail,_Sophie/_/Le_serment/lc6604249.mid_type0.mid"
405,"Gail,_Sophie/_/Les_langueurs",Les langueurs,5107059,"Gail,_Sophie",Sophie Gail,Female,French singer and composer,1,2,"../Lieder/scores/Gail,_Sophie/_/Les_langueurs/lc6604179.mid","['voice', 'voice', 'piano', 'piano']",True,"../author-profiling-in-symbolic-music/type 0 midis/Gail,_Sophie/_/Les_langueurs/lc6604179.mid_type0.mid"
410,"Gonzaga,_Chiquinha/_/A_mulatinha",A mulatinha,5107147,"Gonzaga,_Chiquinha",Chiquinha Gonzaga,Female,Brazilian musician and composer,1,12,"../Lieder/scores/Gonzaga,_Chiquinha/_/A_mulatinha/lc6608395.mid","['voice', 'piano', 'piano']",True,"../author-profiling-in-symbolic-music/type 0 midis/Gonzaga,_Chiquinha/_/A_mulatinha/lc6608395.mid_type0.mid"
411,"Gonzaga,_Chiquinha/_/A_sereia",A sereia,5107147,"Gonzaga,_Chiquinha",Chiquinha Gonzaga,Female,Brazilian musician and composer,1,12,"../Lieder/scores/Gonzaga,_Chiquinha/_/A_sereia/lc6609884.mid","['voice', 'piano', 'piano']",True,"../author-profiling-in-symbolic-music/type 0 midis/Gonzaga,_Chiquinha/_/A_sereia/lc6609884.mid_type0.mid"
412,"Gonzaga,_Chiquinha/_/Ai_que_broma!",Ai que broma!,5107147,"Gonzaga,_Chiquinha",Chiquinha Gonzaga,Female,Brazilian musician and composer,1,12,"../Lieder/scores/Gonzaga,_Chiquinha/_/Ai_que_broma!/lc6609555.mid","['voice', 'piano', 'piano']",True,"../author-profiling-in-symbolic-music/type 0 midis/Gonzaga,_Chiquinha/_/Ai_que_broma!/lc6609555.mid_type0.mid"
413,"Gonzaga,_Chiquinha/_/Cá_por_coisas!",Cá por coisas!..,5107147,"Gonzaga,_Chiquinha",Chiquinha Gonzaga,Female,Brazilian musician and composer,1,12,"../Lieder/scores/Gonzaga,_Chiquinha/_/Cá_por_coisas!/lc6609847.mid","['voice', 'piano', 'piano']",True,"../author-profiling-in-symbolic-music/type 0 midis/Gonzaga,_Chiquinha/_/Cá_por_coisas!/lc6609847.mid_type0.mid"
414,"Gonzaga,_Chiquinha/_/Dona_Adelaide",Dona Adelaide,5107147,"Gonzaga,_Chiquinha",Chiquinha Gonzaga,Female,Brazilian musician and composer,1,12,"../Lieder/scores/Gonzaga,_Chiquinha/_/Dona_Adelaide/lc6610193.mid","['voice', 'piano', 'piano']",True,"../author-profiling-in-symbolic-music/type 0 midis/Gonzaga,_Chiquinha/_/Dona_Adelaide/lc6610193.mid_type0.mid"
415,"Gonzaga,_Chiquinha/_/Espanha_e_Brasil",Espanha e Brasil,5107147,"Gonzaga,_Chiquinha",Chiquinha Gonzaga,Female,Brazilian musician and composer,1,12,"../Lieder/scores/Gonzaga,_Chiquinha/_/Espanha_e_Brasil/lc6610246.mid","['voice', 'piano', 'piano']",True,"../author-profiling-in-symbolic-music/type 0 midis/Gonzaga,_Chiquinha/_/Espanha_e_Brasil/lc6610246.mid_type0.mid"
416,"Gonzaga,_Chiquinha/_/Fado_das_tricanas_de_Coimbra",Fado das tricanas de Coimbra,5107147,"Gonzaga,_Chiquinha",Chiquinha Gonzaga,Female,Brazilian musician and composer,1,12,"../Lieder/scores/Gonzaga,_Chiquinha/_/Fado_das_tricanas_de_Coimbra/lc6611337.mid","['voice', 'piano', 'piano']",True,"../author-profiling-in-symbolic-music/type 0 midis/Gonzaga,_Chiquinha/_/Fado_das_tricanas_de_Coimbra/lc6611337.mid_type0.mid"
417,"Gonzaga,_Chiquinha/_/Feijoada_do_Brasil",Feijoada do Brasil,5107147,"Gonzaga,_Chiquinha",Chiquinha Gonzaga,Female,Brazilian musician and composer,1,12,"../Lieder/scores/Gonzaga,_Chiquinha/_/Feijoada_do_Brasil/lc6611543.mid","['voice', 'piano', 'piano']",True,"../author-profiling-in-symbolic-music/type 0 midis/Gonzaga,_Chiquinha/_/Feijoada_do_Brasil/lc6611543.mid_type0.mid"
418,"Gonzaga,_Chiquinha/_/Manhã_de_amor",Manhã de amor,5107147,"Gonzaga,_Chiquinha",Chiquinha Gonzaga,Female,Brazilian musician and composer,1,12,"../Lieder/scores/Gonzaga,_Chiquinha/_/Manhã_de_amor/lc6611657.mid","['voice', 'piano', 'piano']",True,"../author-profiling-in-symbolic-music/type 0 midis/Gonzaga,_Chiquinha/_/Manhã_de_amor/lc6611657.mid_type0.mid"
419,"Gonzaga,_Chiquinha/_/Noivado",Noivado,5107147,"Gonzaga,_Chiquinha",Chiquinha Gonzaga,Female,Brazilian musician and composer,1,12,"../Lieder/scores/Gonzaga,_Chiquinha/_/Noivado/lc6611741.mid","['voice', 'piano', 'piano']",True,"../author-profiling-in-symbolic-music/type 0 midis/Gonzaga,_Chiquinha/_/Noivado/lc6611741.mid_type0.mid"
420,"Gonzaga,_Chiquinha/_/Roda_Yôyô",Roda Yôyô,5107147,"Gonzaga,_Chiquinha",Chiquinha Gonzaga,Female,Brazilian musician and composer,1,12,"../Lieder/scores/Gonzaga,_Chiquinha/_/Roda_Yôyô/lc6611820.mid","['voice', 'piano', 'piano']",True,"../author-profiling-in-symbolic-music/type 0 midis/Gonzaga,_Chiquinha/_/Roda_Yôyô/lc6611820.mid_type0.mid"
421,"Gonzaga,_Chiquinha/_/Trigueira",Trigueira,5107147,"Gonzaga,_Chiquinha",Chiquinha Gonzaga,Female,Brazilian musician and composer,1,12,"../Lieder/scores/Gonzaga,_Chiquinha/_/Trigueira/lc6611874.mid","['voice', 'piano', 'piano']",True,"../author-profiling-in-symbolic-music/type 0 midis/Gonzaga,_Chiquinha/_/Trigueira/lc6611874.mid_type0.mid"
422,"Gounod,_Charles/6_Mélodies/1_Le_Premier_Jour_de_Mai",Le Premier Jour de Mai,5079369,"Gounod,_Charles",Charles Gounod,Male,French composer,1,6,"../Lieder/scores/Gounod,_Charles/6_Mélodies/1_Le_Premier_Jour_de_Mai/lc5079368.mid","['voice', 'piano', 'piano']",True,"../author-profiling-in-symbolic-music/type 0 midis/Gounod,_Charles/6_Mélodies/1_Le_Premier_Jour_de_Mai/lc5079368.mid_type0.mid"
423,"Gounod,_Charles/6_Mélodies/2_O_Ma_Belle_Rebelle!",O Ma Belle Rebelle!,5079369,"Gounod,_Charles",Charles Gounod,Male,French composer,1,6,"../Lieder/scores/Gounod,_Charles/6_Mélodies/2_O_Ma_Belle_Rebelle!/lc5079373.mid","['voice', 'piano', 'piano']",True,"../author-profiling-in-symbolic-music/type 0 midis/Gounod,_Charles/6_Mélodies/2_O_Ma_Belle_Rebelle!/lc5079373.mid_type0.mid"
424,"Gounod,_Charles/6_Mélodies/3_Aubade",Aubade,5079369,"Gounod,_Charles",Charles Gounod,Male,French composer,1,6,"../Lieder/scores/Gounod,_Charles/6_Mélodies/3_Aubade/lc5079378.mid","['voice', 'piano', 'piano']",True,"../author-profiling-in-symbolic-music/type 0 midis/Gounod,_Charles/6_Mélodies/3_Aubade/lc5079378.mid_type0.mid"
425,"Gounod,_Charles/6_Mélodies/4_Chant_d’automne",Chant d’automne,5079369,"Gounod,_Charles",Charles Gounod,Male,French composer,1,6,"../Lieder/scores/Gounod,_Charles/6_Mélodies/4_Chant_d’automne/lc5079391.mid","['voice', 'piano', 'piano']",True,"../author-profiling-in-symbolic-music/type 0 midis/Gounod,_Charles/6_Mélodies/4_Chant_d’automne/lc5079391.mid_type0.mid"
426,"Gounod,_Charles/6_Mélodies/5_Le_lever",Le lever,5079369,"Gounod,_Charles",Charles Gounod,Male,French composer,1,6,"../Lieder/scores/Gounod,_Charles/6_Mélodies/5_Le_lever/lc5163799.mid","['voice', 'piano', 'piano']",True,"../author-profiling-in-symbolic-music/type 0 midis/Gounod,_Charles/6_Mélodies/5_Le_lever/lc5163799.mid_type0.mid"
427,"Gounod,_Charles/6_Mélodies/6_Venise",Venise,5079369,"Gounod,_Charles",Charles Gounod,Male,French composer,1,6,"../Lieder/scores/Gounod,_Charles/6_Mélodies/6_Venise/lc5079394.mid","['voice', 'piano', 'piano']",True,"../author-profiling-in-symbolic-music/type 0 midis/Gounod,_Charles/6_Mélodies/6_Venise/lc5079394.mid_type0.mid"
465,"Hardelot,_Guy_d’/_/Afterwards,_Love!","Afterwards, Love!",5107151,"Hardelot,_Guy_d’",Guy d'Hardelot,Female,French-English composer,1,9,"../Lieder/scores/Hardelot,_Guy_d’/_/Afterwards,_Love!/lc6627929.mid","['voice', 'piano', 'piano']",True,"../author-profiling-in-symbolic-music/type 0 midis/Hardelot,_Guy_d’/_/Afterwards,_Love!/lc6627929.mid_type0.mid"
466,"Hardelot,_Guy_d’/_/Bouquet_de_violettes",Bouquet de violettes,5107151,"Hardelot,_Guy_d’",Guy d'Hardelot,Female,French-English composer,1,9,"../Lieder/scores/Hardelot,_Guy_d’/_/Bouquet_de_violettes/lc6627964.mid","['voice', 'piano', 'piano']",True,"../author-profiling-in-symbolic-music/type 0 midis/Hardelot,_Guy_d’/_/Bouquet_de_violettes/lc6627964.mid_type0.mid"
467,"Hardelot,_Guy_d’/_/I_hid_my_love",I hid my love,5107151,"Hardelot,_Guy_d’",Guy d'Hardelot,Female,French-English composer,1,9,"../Lieder/scores/Hardelot,_Guy_d’/_/I_hid_my_love/lc6629763.mid","['voice', 'piano', 'piano']",True,"../author-profiling-in-symbolic-music/type 0 midis/Hardelot,_Guy_d’/_/I_hid_my_love/lc6629763.mid_type0.mid"
468,"Hardelot,_Guy_d’/_/I_knew",I knew,5107151,"Hardelot,_Guy_d’",Guy d'Hardelot,Female,French-English composer,1,9,"../Lieder/scores/Hardelot,_Guy_d’/_/I_knew/lc6629643.mid","['voice', 'piano', 'piano']",True,"../author-profiling-in-symbolic-music/type 0 midis/Hardelot,_Guy_d’/_/I_knew/lc6629643.mid_type0.mid"
469,"Hardelot,_Guy_d’/_/I_know_a_lovely_garden",I know a lovely garden,5107151,"Hardelot,_Guy_d’",Guy d'Hardelot,Female,French-English composer,1,9,"../Lieder/scores/Hardelot,_Guy_d’/_/I_know_a_lovely_garden/lc6629724.mid","['voice', 'piano', 'piano']",True,"../author-profiling-in-symbolic-music/type 0 midis/Hardelot,_Guy_d’/_/I_know_a_lovely_garden/lc6629724.mid_type0.mid"
470,"Hardelot,_Guy_d’/_/In_1822",In 1822,5107151,"Hardelot,_Guy_d’",Guy d'Hardelot,Female,French-English composer,1,9,"../Lieder/scores/Hardelot,_Guy_d’/_/In_1822/lc6629787.mid","['voice', 'piano', 'piano']",True,"../author-profiling-in-symbolic-music/type 0 midis/Hardelot,_Guy_d’/_/In_1822/lc6629787.mid_type0.mid"
471,"Hardelot,_Guy_d’/_/La_chanson_de_ma_mie",La chanson de ma mie,5107151,"Hardelot,_Guy_d’",Guy d'Hardelot,Female,French-English composer,1,9,"../Lieder/scores/Hardelot,_Guy_d’/_/La_chanson_de_ma_mie/lc6628030.mid","['voice', 'piano', 'piano']",True,"../author-profiling-in-symbolic-music/type 0 midis/Hardelot,_Guy_d’/_/La_chanson_de_ma_mie/lc6628030.mid_type0.mid"
472,"Hardelot,_Guy_d’/_/The_Dawn",The Dawn,5107151,"Hardelot,_Guy_d’",Guy d'Hardelot,Female,French-English composer,1,9,"../Lieder/scores/Hardelot,_Guy_d’/_/The_Dawn/lc6629619.mid","['voice', 'piano', 'piano']",True,"../author-profiling-in-symbolic-music/type 0 midis/Hardelot,_Guy_d’/_/The_Dawn/lc6629619.mid_type0.mid"
473,"Hardelot,_Guy_d’/_/The_Little_White_Town",The Little White Town,5107151,"Hardelot,_Guy_d’",Guy d'Hardelot,Female,French-English composer,1,9,"../Lieder/scores/Hardelot,_Guy_d’/_/The_Little_White_Town/lc6629808.mid","['voice', 'piano', 'piano']",True,"../author-profiling-in-symbolic-music/type 0 midis/Hardelot,_Guy_d’/_/The_Little_White_Town/lc6629808.mid_type0.mid"
588,"Kinkel,_Johanna/3_Duetten,_Op.11/1_Das_Lied_der_Nachtigall",Das Lied der Nachtigall,5103000,"Kinkel,_Johanna",Johanna Kinkel,Female,"German composer and author, editor",8,45,"../Lieder/scores/Kinkel,_Johanna/3_Duetten,_Op.11/1_Das_Lied_der_Nachtigall/lc6128281.mid","['voice', 'other', 'piano', 'piano']",True,"../author-profiling-in-symbolic-music/type 0 midis/Kinkel,_Johanna/3_Duetten,_Op.11/1_Das_Lied_der_Nachtigall/lc6128281.mid_type0.mid"
589,"Kinkel,_Johanna/3_Duetten,_Op.11/2_Die_Geisterinsel",Die Geisterinsel,5103000,"Kinkel,_Johanna",Johanna Kinkel,Female,"German composer and author, editor",8,45,"../Lieder/scores/Kinkel,_Johanna/3_Duetten,_Op.11/2_Die_Geisterinsel/lc6126574.mid","['voice', 'other', 'piano', 'piano']",True,"../author-profiling-in-symbolic-music/type 0 midis/Kinkel,_Johanna/3_Duetten,_Op.11/2_Die_Geisterinsel/lc6126574.mid_type0.mid"
590,"Kinkel,_Johanna/6_Gedichte,_Op.8/1_Der_spanische_Zitherknabe",Der spanische Zitherknabe,5103034,"Kinkel,_Johanna",Johanna Kinkel,Female,"German composer and author, editor",8,45,"../Lieder/scores/Kinkel,_Johanna/6_Gedichte,_Op.8/1_Der_spanische_Zitherknabe/lc6130647.mid","['voice', 'piano', 'piano']",True,"../author-profiling-in-symbolic-music/type 0 midis/Kinkel,_Johanna/6_Gedichte,_Op.8/1_Der_spanische_Zitherknabe/lc6130647.mid_type0.mid"
591,"Kinkel,_Johanna/6_Gedichte,_Op.8/2_Rheinsage",Rheinsage,5103034,"Kinkel,_Johanna",Johanna Kinkel,Female,"German composer and author, editor",8,45,"../Lieder/scores/Kinkel,_Johanna/6_Gedichte,_Op.8/2_Rheinsage/lc6130751.mid","['voice', 'piano', 'piano']",True,"../author-profiling-in-symbolic-music/type 0 midis/Kinkel,_Johanna/6_Gedichte,_Op.8/2_Rheinsage/lc6130751.mid_type0.mid"
592,"Kinkel,_Johanna/6_Gedichte,_Op.8/3_Gondellied",Gondellied,5103034,"Kinkel,_Johanna",Johanna Kinkel,Female,"German composer and author, editor",8,45,"../Lieder/scores/Kinkel,_Johanna/6_Gedichte,_Op.8/3_Gondellied/lc6130821.mid","['voice', 'piano', 'piano']",True,"../author-profiling-in-symbolic-music/type 0 midis/Kinkel,_Johanna/6_Gedichte,_Op.8/3_Gondellied/lc6130821.mid_type0.mid"
593,"Kinkel,_Johanna/6_Gedichte,_Op.8/4_Abendfeier",Abendfeier,5103034,"Kinkel,_Johanna",Johanna Kinkel,Female,"German composer and author, editor",8,45,"../Lieder/scores/Kinkel,_Johanna/6_Gedichte,_Op.8/4_Abendfeier/lc6137812.mid","['voice', 'piano', 'piano']",True,"../author-profiling-in-symbolic-music/type 0 midis/Kinkel,_Johanna/6_Gedichte,_Op.8/4_Abendfeier/lc6137812.mid_type0.mid"
594,"Kinkel,_Johanna/6_Gedichte,_Op.8/6_Abreise",Abreise,5103034,"Kinkel,_Johanna",Johanna Kinkel,Female,"German composer and author, editor",8,45,"../Lieder/scores/Kinkel,_Johanna/6_Gedichte,_Op.8/6_Abreise/lc6141796.mid","['voice', 'piano', 'piano']",True,"../author-profiling-in-symbolic-music/type 0 midis/Kinkel,_Johanna/6_Gedichte,_Op.8/6_Abreise/lc6141796.mid_type0.mid"
595,"Kinkel,_Johanna/6_Lieder,_Op.10/1_Nachgefühl",Nachgefühl,5103398,"Kinkel,_Johanna",Johanna Kinkel,Female,"German composer and author, editor",8,45,"../Lieder/scores/Kinkel,_Johanna/6_Lieder,_Op.10/1_Nachgefühl/lc6177220.mid","['voice', 'piano', 'piano']",True,"../author-profiling-in-symbolic-music/type 0 midis/Kinkel,_Johanna/6_Lieder,_Op.10/1_Nachgefühl/lc6177220.mid_type0.mid"
596,"Kinkel,_Johanna/6_Lieder,_Op.10/2_Der_Kuss",Der Kuss,5103398,"Kinkel,_Johanna",Johanna Kinkel,Female,"German composer and author, editor",8,45,"../Lieder/scores/Kinkel,_Johanna/6_Lieder,_Op.10/2_Der_Kuss/lc6177233.mid","['voice', 'piano', 'piano']",True,"../author-profiling-in-symbolic-music/type 0 midis/Kinkel,_Johanna/6_Lieder,_Op.10/2_Der_Kuss/lc6177233.mid_type0.mid"
597,"Kinkel,_Johanna/6_Lieder,_Op.10/3_So_wahr_die_Sonne_scheinet",So wahr die Sonne scheinet,5103398,"Kinkel,_Johanna",Johanna Kinkel,Female,"German composer and author, editor",8,45,"../Lieder/scores/Kinkel,_Johanna/6_Lieder,_Op.10/3_So_wahr_die_Sonne_scheinet/lc6177271.mid","['voice', 'piano', 'piano']",True,"../author-profiling-in-symbolic-music/type 0 midis/Kinkel,_Johanna/6_Lieder,_Op.10/3_So_wahr_die_Sonne_scheinet/lc6177271.mid_type0.mid"
598,"Kinkel,_Johanna/6_Lieder,_Op.10/4_Wiegenlied",Wiegenlied,5103398,"Kinkel,_Johanna",Johanna Kinkel,Female,"German composer and author, editor",8,45,"../Lieder/scores/Kinkel,_Johanna/6_Lieder,_Op.10/4_Wiegenlied/lc6177442.mid","['voice', 'piano', 'piano']",True,"../author-profiling-in-symbolic-music/type 0 midis/Kinkel,_Johanna/6_Lieder,_Op.10/4_Wiegenlied/lc6177442.mid_type0.mid"
599,"Kinkel,_Johanna/6_Lieder,_Op.10/5_Traumdeutung",Traumdeutung,5103398,"Kinkel,_Johanna",Johanna Kinkel,Female,"German composer and author, editor",8,45,"../Lieder/scores/Kinkel,_Johanna/6_Lieder,_Op.10/5_Traumdeutung/lc6178990.mid","['voice', 'piano', 'piano']",True,"../author-profiling-in-symbolic-music/type 0 midis/Kinkel,_Johanna/6_Lieder,_Op.10/5_Traumdeutung/lc6178990.mid_type0.mid"
600,"Kinkel,_Johanna/6_Lieder,_Op.10/6_Der_Müllerinn_Nachbar",Der Müllerinn Nachbar,5103398,"Kinkel,_Johanna",Johanna Kinkel,Female,"German composer and author, editor",8,45,"../Lieder/scores/Kinkel,_Johanna/6_Lieder,_Op.10/6_Der_Müllerinn_Nachbar/lc6179021.mid","['voice', 'piano', 'piano']",True,"../author-profiling-in-symbolic-music/type 0 midis/Kinkel,_Johanna/6_Lieder,_Op.10/6_Der_Müllerinn_Nachbar/lc6179021.mid_type0.mid"
601,"Kinkel,_Johanna/6_Lieder,_Op.15/1_Römische_Nacht",Römische Nacht,5104084,"Kinkel,_Johanna",Johanna Kinkel,Female,"German composer and author, editor",8,45,"../Lieder/scores/Kinkel,_Johanna/6_Lieder,_Op.15/1_Römische_Nacht/lc6247269.mid","['voice', 'piano', 'piano']",True,"../author-profiling-in-symbolic-music/type 0 midis/Kinkel,_Johanna/6_Lieder,_Op.15/1_Römische_Nacht/lc6247269.mid_type0.mid"
602,"Kinkel,_Johanna/6_Lieder,_Op.15/3_Wiegenlied",Wiegenlied,5104084,"Kinkel,_Johanna",Johanna Kinkel,Female,"German composer and author, editor",8,45,"../Lieder/scores/Kinkel,_Johanna/6_Lieder,_Op.15/3_Wiegenlied/lc6247576.mid","['voice', 'piano', 'piano']",True,"../author-profiling-in-symbolic-music/type 0 midis/Kinkel,_Johanna/6_Lieder,_Op.15/3_Wiegenlied/lc6247576.mid_type0.mid"
603,"Kinkel,_Johanna/6_Lieder,_Op.15/4_Lust_und_Qual",Lust und Qual,5104084,"Kinkel,_Johanna",Johanna Kinkel,Female,"German composer and author, editor",8,45,"../Lieder/scores/Kinkel,_Johanna/6_Lieder,_Op.15/4_Lust_und_Qual/lc6247913.mid","['voice', 'voice', 'voice', 'piano', 'piano']",True,"../author-profiling-in-symbolic-music/type 0 midis/Kinkel,_Johanna/6_Lieder,_Op.15/4_Lust_und_Qual/lc6247913.mid_type0.mid"
604,"Kinkel,_Johanna/6_Lieder,_Op.15/5_Rette_Vater,_dein_geliebtes_Kind!","Rette Vater, dein geliebtes Kind!",5104084,"Kinkel,_Johanna",Johanna Kinkel,Female,"German composer and author, editor",8,45,"../Lieder/scores/Kinkel,_Johanna/6_Lieder,_Op.15/5_Rette_Vater,_dein_geliebtes_Kind!/lc6249298.mid","['voice', 'piano', 'piano']",True,"../author-profiling-in-symbolic-music/type 0 midis/Kinkel,_Johanna/6_Lieder,_Op.15/5_Rette_Vater,_dein_geliebtes_Kind!/lc6249298.mid_type0.mid"
605,"Kinkel,_Johanna/6_Lieder,_Op.15/6_untitled_(„War_hinaus_gezogen,_lustig_singend“)","untitled („War hinaus gezogen, lustig singend“)",5104084,"Kinkel,_Johanna",Johanna Kinkel,Female,"German composer and author, editor",8,45,"../Lieder/scores/Kinkel,_Johanna/6_Lieder,_Op.15/6_untitled_(„War_hinaus_gezogen,_lustig_singend“)/lc6249340.mid","['voice', 'piano', 'piano']",True,"../author-profiling-in-symbolic-music/type 0 midis/Kinkel,_Johanna/6_Lieder,_Op.15/6_untitled_(„War_hinaus_gezogen,_lustig_singend“)/lc6249340.mid_type0.mid"
606,"Kinkel,_Johanna/6_Lieder,_Op.16/1_Die_Gefangenen",Die Gefangenen,5106651,"Kinkel,_Johanna",Johanna Kinkel,Female,"German composer and author, editor",8,45,"../Lieder/scores/Kinkel,_Johanna/6_Lieder,_Op.16/1_Die_Gefangenen/lc6571858.mid","['voice', 'piano', 'piano']",True,"../author-profiling-in-symbolic-music/type 0 midis/Kinkel,_Johanna/6_Lieder,_Op.16/1_Die_Gefangenen/lc6571858.mid_type0.mid"
607,"Kinkel,_Johanna/6_Lieder,_Op.16/2_Nächtliche_Fahrt",Nächtliche Fahrt,5106651,"Kinkel,_Johanna",Johanna Kinkel,Female,"German composer and author, editor",8,45,"../Lieder/scores/Kinkel,_Johanna/6_Lieder,_Op.16/2_Nächtliche_Fahrt/lc6571960.mid","['voice', 'piano', 'piano']",True,"../author-profiling-in-symbolic-music/type 0 midis/Kinkel,_Johanna/6_Lieder,_Op.16/2_Nächtliche_Fahrt/lc6571960.mid_type0.mid"
608,"Kinkel,_Johanna/6_Lieder,_Op.16/3_Abschied_von_Italien",Abschied von Italien,5106651,"Kinkel,_Johanna",Johanna Kinkel,Female,"German composer and author, editor",8,45,"../Lieder/scores/Kinkel,_Johanna/6_Lieder,_Op.16/3_Abschied_von_Italien/lc6572043.mid","['voice', 'piano', 'piano']",True,"../author-profiling-in-symbolic-music/type 0 midis/Kinkel,_Johanna/6_Lieder,_Op.16/3_Abschied_von_Italien/lc6572043.mid_type0.mid"
609,"Kinkel,_Johanna/6_Lieder,_Op.16/4_Gegenwart",Gegenwart,5106651,"Kinkel,_Johanna",Johanna Kinkel,Female,"German composer and author, editor",8,45,"../Lieder/scores/Kinkel,_Johanna/6_Lieder,_Op.16/4_Gegenwart/lc6572423.mid","['voice', 'piano', 'piano']",True,"../author-profiling-in-symbolic-music/type 0 midis/Kinkel,_Johanna/6_Lieder,_Op.16/4_Gegenwart/lc6572423.mid_type0.mid"
610,"Kinkel,_Johanna/6_Lieder,_Op.16/5_Rheinfahrt",Rheinfahrt,5106651,"Kinkel,_Johanna",Johanna Kinkel,Female,"German composer and author, editor",8,45,"../Lieder/scores/Kinkel,_Johanna/6_Lieder,_Op.16/5_Rheinfahrt/lc6573240.mid","['voice', 'piano', 'piano']",True,"../author-profiling-in-symbolic-music/type 0 midis/Kinkel,_Johanna/6_Lieder,_Op.16/5_Rheinfahrt/lc6573240.mid_type0.mid"
611,"Kinkel,_Johanna/6_Lieder,_Op.16/6_Klage",Klage,5106651,"Kinkel,_Johanna",Johanna Kinkel,Female,"German composer and author, editor",8,45,"../Lieder/scores/Kinkel,_Johanna/6_Lieder,_Op.16/6_Klage/lc6573275.mid","['voice', 'piano', 'piano']",True,"../author-profiling-in-symbolic-music/type 0 midis/Kinkel,_Johanna/6_Lieder,_Op.16/6_Klage/lc6573275.mid_type0.mid"
612,"Kinkel,_Johanna/6_Lieder,_Op.19/1_Die_Mandoline",Die Mandoline,5101845,"Kinkel,_Johanna",Johanna Kinkel,Female,"German composer and author, editor",8,45,"../Lieder/scores/Kinkel,_Johanna/6_Lieder,_Op.19/1_Die_Mandoline/lc5988112.mid","['voice', 'piano', 'piano']",True,"../author-profiling-in-symbolic-music/type 0 midis/Kinkel,_Johanna/6_Lieder,_Op.19/1_Die_Mandoline/lc5988112.mid_type0.mid"
613,"Kinkel,_Johanna/6_Lieder,_Op.19/2_Durch_Carthago’s_Trümmerhallen",Durch Carthago’s Trümmerhallen,5101845,"Kinkel,_Johanna",Johanna Kinkel,Female,"German composer and author, editor",8,45,"../Lieder/scores/Kinkel,_Johanna/6_Lieder,_Op.19/2_Durch_Carthago’s_Trümmerhallen/lc5988341.mid","['voice', 'piano', 'piano']",True,"../author-profiling-in-symbolic-music/type 0 midis/Kinkel,_Johanna/6_Lieder,_Op.19/2_Durch_Carthago’s_Trümmerhallen/lc5988341.mid_type0.mid"
614,"Kinkel,_Johanna/6_Lieder,_Op.19/4_Beduinen-Romanze",Beduinen-Romanze,5101845,"Kinkel,_Johanna",Johanna Kinkel,Female,"German composer and author, editor",8,45,"../Lieder/scores/Kinkel,_Johanna/6_Lieder,_Op.19/4_Beduinen-Romanze/lc5988442.mid","['voice', 'piano', 'piano']",True,"../author-profiling-in-symbolic-music/type 0 midis/Kinkel,_Johanna/6_Lieder,_Op.19/4_Beduinen-Romanze/lc5988442.mid_type0.mid"
615,"Kinkel,_Johanna/6_Lieder,_Op.19/5_Abschied",Abschied,5101845,"Kinkel,_Johanna",Johanna Kinkel,Female,"German composer and author, editor",8,45,"../Lieder/scores/Kinkel,_Johanna/6_Lieder,_Op.19/5_Abschied/lc5988489.mid","['voice', 'piano', 'piano']",True,"../author-profiling-in-symbolic-music/type 0 midis/Kinkel,_Johanna/6_Lieder,_Op.19/5_Abschied/lc5988489.mid_type0.mid"
616,"Kinkel,_Johanna/6_Lieder,_Op.19/6_Turm_und_Flut",Turm und Flut,5101845,"Kinkel,_Johanna",Johanna Kinkel,Female,"German composer and author, editor",8,45,"../Lieder/scores/Kinkel,_Johanna/6_Lieder,_Op.19/6_Turm_und_Flut/lc5989459.mid","['voice', 'piano', 'piano']",True,"../author-profiling-in-symbolic-music/type 0 midis/Kinkel,_Johanna/6_Lieder,_Op.19/6_Turm_und_Flut/lc5989459.mid_type0.mid"
617,"Kinkel,_Johanna/6_Lieder,_Op.6/1_Sehnsucht_nach_Griechenland",Sehnsucht nach Griechenland,5103021,"Kinkel,_Johanna",Johanna Kinkel,Female,"German composer and author, editor",8,45,"../Lieder/scores/Kinkel,_Johanna/6_Lieder,_Op.6/1_Sehnsucht_nach_Griechenland/lc6248301.mid","['voice', 'voice', 'voice', 'piano', 'piano']",True,"../author-profiling-in-symbolic-music/type 0 midis/Kinkel,_Johanna/6_Lieder,_Op.6/1_Sehnsucht_nach_Griechenland/lc6248301.mid_type0.mid"
618,"Kinkel,_Johanna/6_Lieder,_Op.6/3_Die_Geister_haben’s_vernommen",Die Geister haben’s vernommen,5103021,"Kinkel,_Johanna",Johanna Kinkel,Female,"German composer and author, editor",8,45,"../Lieder/scores/Kinkel,_Johanna/6_Lieder,_Op.6/3_Die_Geister_haben’s_vernommen/lc6248307.mid","['voice', 'piano', 'piano']",True,"../author-profiling-in-symbolic-music/type 0 midis/Kinkel,_Johanna/6_Lieder,_Op.6/3_Die_Geister_haben’s_vernommen/lc6248307.mid_type0.mid"
619,"Kinkel,_Johanna/6_Lieder,_Op.6/4_An_Luna",An Luna,5103021,"Kinkel,_Johanna",Johanna Kinkel,Female,"German composer and author, editor",8,45,"../Lieder/scores/Kinkel,_Johanna/6_Lieder,_Op.6/4_An_Luna/lc6248303.mid","['voice', 'piano', 'piano']",True,"../author-profiling-in-symbolic-music/type 0 midis/Kinkel,_Johanna/6_Lieder,_Op.6/4_An_Luna/lc6248303.mid_type0.mid"
620,"Kinkel,_Johanna/6_Lieder,_Op.6/5_Verlornes_Glück",Verlornes Glück,5103021,"Kinkel,_Johanna",Johanna Kinkel,Female,"German composer and author, editor",8,45,"../Lieder/scores/Kinkel,_Johanna/6_Lieder,_Op.6/5_Verlornes_Glück/lc6248304.mid","['voice', 'piano', 'piano']",True,"../author-profiling-in-symbolic-music/type 0 midis/Kinkel,_Johanna/6_Lieder,_Op.6/5_Verlornes_Glück/lc6248304.mid_type0.mid"
621,"Kinkel,_Johanna/6_Lieder,_Op.6/6_Die_Sprache_der_Sterne",Die Sprache der Sterne,5103021,"Kinkel,_Johanna",Johanna Kinkel,Female,"German composer and author, editor",8,45,"../Lieder/scores/Kinkel,_Johanna/6_Lieder,_Op.6/6_Die_Sprache_der_Sterne/lc6248305.mid","['voice', 'voice', 'piano', 'piano']",True,"../author-profiling-in-symbolic-music/type 0 midis/Kinkel,_Johanna/6_Lieder,_Op.6/6_Die_Sprache_der_Sterne/lc6248305.mid_type0.mid"
622,"Kinkel,_Johanna/6_Lieder,_Op.7/1_Nachtlied",Nachtlied,5103022,"Kinkel,_Johanna",Johanna Kinkel,Female,"German composer and author, editor",8,45,"../Lieder/scores/Kinkel,_Johanna/6_Lieder,_Op.7/1_Nachtlied/lc6151215.mid","['voice', 'piano', 'piano']",True,"../author-profiling-in-symbolic-music/type 0 midis/Kinkel,_Johanna/6_Lieder,_Op.7/1_Nachtlied/lc6151215.mid_type0.mid"
623,"Kinkel,_Johanna/6_Lieder,_Op.7/2_Wunsch",Wunsch,5103022,"Kinkel,_Johanna",Johanna Kinkel,Female,"German composer and author, editor",8,45,"../Lieder/scores/Kinkel,_Johanna/6_Lieder,_Op.7/2_Wunsch/lc6150402.mid","['voice', 'piano', 'piano']",True,"../author-profiling-in-symbolic-music/type 0 midis/Kinkel,_Johanna/6_Lieder,_Op.7/2_Wunsch/lc6150402.mid_type0.mid"
624,"Kinkel,_Johanna/6_Lieder,_Op.7/3_Vorüberfahrt",Vorüberfahrt,5103022,"Kinkel,_Johanna",Johanna Kinkel,Female,"German composer and author, editor",8,45,"../Lieder/scores/Kinkel,_Johanna/6_Lieder,_Op.7/3_Vorüberfahrt/lc6151337.mid","['voice', 'piano', 'piano']",True,"../author-profiling-in-symbolic-music/type 0 midis/Kinkel,_Johanna/6_Lieder,_Op.7/3_Vorüberfahrt/lc6151337.mid_type0.mid"
625,"Kinkel,_Johanna/6_Lieder,_Op.7/4_Die_Lorelei",Die Lorelei,5103022,"Kinkel,_Johanna",Johanna Kinkel,Female,"German composer and author, editor",8,45,"../Lieder/scores/Kinkel,_Johanna/6_Lieder,_Op.7/4_Die_Lorelei/lc6151982.mid","['voice', 'piano', 'piano']",True,"../author-profiling-in-symbolic-music/type 0 midis/Kinkel,_Johanna/6_Lieder,_Op.7/4_Die_Lorelei/lc6151982.mid_type0.mid"
626,"Kinkel,_Johanna/6_Lieder,_Op.7/5_An_den_Mond",An den Mond,5103022,"Kinkel,_Johanna",Johanna Kinkel,Female,"German composer and author, editor",8,45,"../Lieder/scores/Kinkel,_Johanna/6_Lieder,_Op.7/5_An_den_Mond/lc6153376.mid","['voice', 'piano', 'piano']",True,"../author-profiling-in-symbolic-music/type 0 midis/Kinkel,_Johanna/6_Lieder,_Op.7/5_An_den_Mond/lc6153376.mid_type0.mid"
627,"Kinkel,_Johanna/6_Lieder,_Op.7/6_Die_Zigeuner",Die Zigeuner,5103022,"Kinkel,_Johanna",Johanna Kinkel,Female,"German composer and author, editor",8,45,"../Lieder/scores/Kinkel,_Johanna/6_Lieder,_Op.7/6_Die_Zigeuner/lc6153442.mid","['voice', 'piano', 'piano']",True,"../author-profiling-in-symbolic-music/type 0 midis/Kinkel,_Johanna/6_Lieder,_Op.7/6_Die_Zigeuner/lc6153442.mid_type0.mid"
628,"Kralik,_Mathilde/Blumenlieder/1_Maiglöckchen",Maiglöckchen,5103316,"Kralik,_Mathilde",Mathilde Kralik,Female,Austrian pianist and composer,2,18,"../Lieder/scores/Kralik,_Mathilde/Blumenlieder/1_Maiglöckchen/lc6165152.mid","['voice', 'piano', 'piano']",True,"../author-profiling-in-symbolic-music/type 0 midis/Kralik,_Mathilde/Blumenlieder/1_Maiglöckchen/lc6165152.mid_type0.mid"
629,"Kralik,_Mathilde/Blumenlieder/2_Himmelschlüssel",Himmelschlüssel,5103316,"Kralik,_Mathilde",Mathilde Kralik,Female,Austrian pianist and composer,2,18,"../Lieder/scores/Kralik,_Mathilde/Blumenlieder/2_Himmelschlüssel/lc6165185.mid","['voice', 'piano', 'piano']",True,"../author-profiling-in-symbolic-music/type 0 midis/Kralik,_Mathilde/Blumenlieder/2_Himmelschlüssel/lc6165185.mid_type0.mid"
630,"Kralik,_Mathilde/Blumenlieder/3_Veilchen",Veilchen,5103316,"Kralik,_Mathilde",Mathilde Kralik,Female,Austrian pianist and composer,2,18,"../Lieder/scores/Kralik,_Mathilde/Blumenlieder/3_Veilchen/lc6165226.mid","['voice', 'piano', 'piano']",True,"../author-profiling-in-symbolic-music/type 0 midis/Kralik,_Mathilde/Blumenlieder/3_Veilchen/lc6165226.mid_type0.mid"
631,"Kralik,_Mathilde/Blumenlieder/4_Flieder",Flieder,5103316,"Kralik,_Mathilde",Mathilde Kralik,Female,Austrian pianist and composer,2,18,"../Lieder/scores/Kralik,_Mathilde/Blumenlieder/4_Flieder/lc6166144.mid","['voice', 'piano', 'piano']",True,"../author-profiling-in-symbolic-music/type 0 midis/Kralik,_Mathilde/Blumenlieder/4_Flieder/lc6166144.mid_type0.mid"
632,"Kralik,_Mathilde/Blumenlieder/5_Rosen",Rosen,5103316,"Kralik,_Mathilde",Mathilde Kralik,Female,Austrian pianist and composer,2,18,"../Lieder/scores/Kralik,_Mathilde/Blumenlieder/5_Rosen/lc6166096.mid","['voice', 'piano', 'piano']",True,"../author-profiling-in-symbolic-music/type 0 midis/Kralik,_Mathilde/Blumenlieder/5_Rosen/lc6166096.mid_type0.mid"
633,"Kralik,_Mathilde/Jugend-Lieder/00_Einleitung",Einleitung,5103328,"Kralik,_Mathilde",Mathilde Kralik,Female,Austrian pianist and composer,2,18,"../Lieder/scores/Kralik,_Mathilde/Jugend-Lieder/00_Einleitung/lc6166579.mid","['piano', 'piano']",True,"../author-profiling-in-symbolic-music/type 0 midis/Kralik,_Mathilde/Jugend-Lieder/00_Einleitung/lc6166579.mid_type0.mid"
634,"Kralik,_Mathilde/Jugend-Lieder/01_Die_Spröde",Die Spröde,5103328,"Kralik,_Mathilde",Mathilde Kralik,Female,Austrian pianist and composer,2,18,"../Lieder/scores/Kralik,_Mathilde/Jugend-Lieder/01_Die_Spröde/lc6206972.mid","['voice', 'piano', 'piano']",True,"../author-profiling-in-symbolic-music/type 0 midis/Kralik,_Mathilde/Jugend-Lieder/01_Die_Spröde/lc6206972.mid_type0.mid"
635,"Kralik,_Mathilde/Jugend-Lieder/02_Die_Bekehrte",Die Bekehrte,5103328,"Kralik,_Mathilde",Mathilde Kralik,Female,Austrian pianist and composer,2,18,"../Lieder/scores/Kralik,_Mathilde/Jugend-Lieder/02_Die_Bekehrte/lc6207007.mid","['voice', 'piano', 'piano']",True,"../author-profiling-in-symbolic-music/type 0 midis/Kralik,_Mathilde/Jugend-Lieder/02_Die_Bekehrte/lc6207007.mid_type0.mid"
636,"Kralik,_Mathilde/Jugend-Lieder/03_Mailied",Mailied,5103328,"Kralik,_Mathilde",Mathilde Kralik,Female,Austrian pianist and composer,2,18,"../Lieder/scores/Kralik,_Mathilde/Jugend-Lieder/03_Mailied/lc6207018.mid","['voice', 'piano', 'piano']",True,"../author-profiling-in-symbolic-music/type 0 midis/Kralik,_Mathilde/Jugend-Lieder/03_Mailied/lc6207018.mid_type0.mid"
637,"Kralik,_Mathilde/Jugend-Lieder/04_Morgengesang",Morgengesang,5103328,"Kralik,_Mathilde",Mathilde Kralik,Female,Austrian pianist and composer,2,18,"../Lieder/scores/Kralik,_Mathilde/Jugend-Lieder/04_Morgengesang/lc6207025.mid","['voice', 'piano', 'piano']",True,"../author-profiling-in-symbolic-music/type 0 midis/Kralik,_Mathilde/Jugend-Lieder/04_Morgengesang/lc6207025.mid_type0.mid"
638,"Kralik,_Mathilde/Jugend-Lieder/05_Lied_der_Desdemona",Lied der Desdemona,5103328,"Kralik,_Mathilde",Mathilde Kralik,Female,Austrian pianist and composer,2,18,"../Lieder/scores/Kralik,_Mathilde/Jugend-Lieder/05_Lied_der_Desdemona/lc6207045.mid","['voice', 'piano', 'piano']",True,"../author-profiling-in-symbolic-music/type 0 midis/Kralik,_Mathilde/Jugend-Lieder/05_Lied_der_Desdemona/lc6207045.mid_type0.mid"
639,"Kralik,_Mathilde/Jugend-Lieder/06_Sonett",Sonett,5103328,"Kralik,_Mathilde",Mathilde Kralik,Female,Austrian pianist and composer,2,18,"../Lieder/scores/Kralik,_Mathilde/Jugend-Lieder/06_Sonett/lc6207048.mid","['voice', 'piano', 'piano']",True,"../author-profiling-in-symbolic-music/type 0 midis/Kralik,_Mathilde/Jugend-Lieder/06_Sonett/lc6207048.mid_type0.mid"
640,"Kralik,_Mathilde/Jugend-Lieder/07_Die_verschwiegene_Nachtigall",Die verschwiegene Nachtigall,5103328,"Kralik,_Mathilde",Mathilde Kralik,Female,Austrian pianist and composer,2,18,"../Lieder/scores/Kralik,_Mathilde/Jugend-Lieder/07_Die_verschwiegene_Nachtigall/lc6207054.mid","['voice', 'piano', 'piano']",True,"../author-profiling-in-symbolic-music/type 0 midis/Kralik,_Mathilde/Jugend-Lieder/07_Die_verschwiegene_Nachtigall/lc6207054.mid_type0.mid"
641,"Kralik,_Mathilde/Jugend-Lieder/08_Das_Mädchen_und_die_Haselstaude",Das Mädchen und die Haselstaude,5103328,"Kralik,_Mathilde",Mathilde Kralik,Female,Austrian pianist and composer,2,18,"../Lieder/scores/Kralik,_Mathilde/Jugend-Lieder/08_Das_Mädchen_und_die_Haselstaude/lc6207073.mid","['voice', 'piano', 'piano']",True,"../author-profiling-in-symbolic-music/type 0 midis/Kralik,_Mathilde/Jugend-Lieder/08_Das_Mädchen_und_die_Haselstaude/lc6207073.mid_type0.mid"
642,"Kralik,_Mathilde/Jugend-Lieder/09_Der_Schmied",Der Schmied,5103328,"Kralik,_Mathilde",Mathilde Kralik,Female,Austrian pianist and composer,2,18,"../Lieder/scores/Kralik,_Mathilde/Jugend-Lieder/09_Der_Schmied/lc6207085.mid","['voice', 'piano', 'piano']",True,"../author-profiling-in-symbolic-music/type 0 midis/Kralik,_Mathilde/Jugend-Lieder/09_Der_Schmied/lc6207085.mid_type0.mid"
643,"Kralik,_Mathilde/Jugend-Lieder/10_Lied_des_Gefangenen",Lied des Gefangenen,5103328,"Kralik,_Mathilde",Mathilde Kralik,Female,Austrian pianist and composer,2,18,"../Lieder/scores/Kralik,_Mathilde/Jugend-Lieder/10_Lied_des_Gefangenen/lc6207095.mid","['voice', 'piano', 'piano']",True,"../author-profiling-in-symbolic-music/type 0 midis/Kralik,_Mathilde/Jugend-Lieder/10_Lied_des_Gefangenen/lc6207095.mid_type0.mid"
644,"Kralik,_Mathilde/Jugend-Lieder/11_Die_frühen_Gräber",Die frühen Gräber,5103328,"Kralik,_Mathilde",Mathilde Kralik,Female,Austrian pianist and composer,2,18,"../Lieder/scores/Kralik,_Mathilde/Jugend-Lieder/11_Die_frühen_Gräber/lc6207100.mid","['voice', 'piano', 'piano']",True,"../author-profiling-in-symbolic-music/type 0 midis/Kralik,_Mathilde/Jugend-Lieder/11_Die_frühen_Gräber/lc6207100.mid_type0.mid"
645,"Kralik,_Mathilde/Jugend-Lieder/12_Wanderlied",Wanderlied,5103328,"Kralik,_Mathilde",Mathilde Kralik,Female,Austrian pianist and composer,2,18,"../Lieder/scores/Kralik,_Mathilde/Jugend-Lieder/12_Wanderlied/lc6207104.mid","['voice', 'piano', 'piano']",True,"../author-profiling-in-symbolic-music/type 0 midis/Kralik,_Mathilde/Jugend-Lieder/12_Wanderlied/lc6207104.mid_type0.mid"
686,"Le_Beau,_Luise_Adolpha/2_Duette,_Op.6/1_Frühlingsanfang",Frühlingsanfang,5101077,"Le_Beau,_Luise_Adolpha",Luise Adolpha Le Beau,Female,German composer,2,7,"../Lieder/scores/Le_Beau,_Luise_Adolpha/2_Duette,_Op.6/1_Frühlingsanfang/lc5883528.mid","['voice', 'voice', 'piano', 'piano']",True,"../author-profiling-in-symbolic-music/type 0 midis/Le_Beau,_Luise_Adolpha/2_Duette,_Op.6/1_Frühlingsanfang/lc5883528.mid_type0.mid"
687,"Le_Beau,_Luise_Adolpha/2_Duette,_Op.6/2_Abendlied",Abendlied,5101077,"Le_Beau,_Luise_Adolpha",Luise Adolpha Le Beau,Female,German composer,2,7,"../Lieder/scores/Le_Beau,_Luise_Adolpha/2_Duette,_Op.6/2_Abendlied/lc5883655.mid","['voice', 'voice', 'piano', 'piano']",True,"../author-profiling-in-symbolic-music/type 0 midis/Le_Beau,_Luise_Adolpha/2_Duette,_Op.6/2_Abendlied/lc5883655.mid_type0.mid"
688,"Le_Beau,_Luise_Adolpha/5_Lieder,_Op.7/1_Gruss_an_die_Nacht",Gruss an die Nacht,5106653,"Le_Beau,_Luise_Adolpha",Luise Adolpha Le Beau,Female,German composer,2,7,"../Lieder/scores/Le_Beau,_Luise_Adolpha/5_Lieder,_Op.7/1_Gruss_an_die_Nacht/lc6575645.mid","['voice', 'piano', 'piano']",True,"../author-profiling-in-symbolic-music/type 0 midis/Le_Beau,_Luise_Adolpha/5_Lieder,_Op.7/1_Gruss_an_die_Nacht/lc6575645.mid_type0.mid"
689,"Le_Beau,_Luise_Adolpha/5_Lieder,_Op.7/2_Ein_Gebet",Ein Gebet,5106653,"Le_Beau,_Luise_Adolpha",Luise Adolpha Le Beau,Female,German composer,2,7,"../Lieder/scores/Le_Beau,_Luise_Adolpha/5_Lieder,_Op.7/2_Ein_Gebet/lc6575669.mid","['voice', 'piano', 'piano']",True,"../author-profiling-in-symbolic-music/type 0 midis/Le_Beau,_Luise_Adolpha/5_Lieder,_Op.7/2_Ein_Gebet/lc6575669.mid_type0.mid"
690,"Le_Beau,_Luise_Adolpha/5_Lieder,_Op.7/3_Juchhe",Juchhe,5106653,"Le_Beau,_Luise_Adolpha",Luise Adolpha Le Beau,Female,German composer,2,7,"../Lieder/scores/Le_Beau,_Luise_Adolpha/5_Lieder,_Op.7/3_Juchhe/lc6576011.mid","['voice', 'piano', 'piano']",True,"../author-profiling-in-symbolic-music/type 0 midis/Le_Beau,_Luise_Adolpha/5_Lieder,_Op.7/3_Juchhe/lc6576011.mid_type0.mid"
691,"Le_Beau,_Luise_Adolpha/5_Lieder,_Op.7/4_Die_Alpenrose",Die Alpenrose,5106653,"Le_Beau,_Luise_Adolpha",Luise Adolpha Le Beau,Female,German composer,2,7,"../Lieder/scores/Le_Beau,_Luise_Adolpha/5_Lieder,_Op.7/4_Die_Alpenrose/lc6577118.mid","['voice', 'piano', 'piano']",True,"../author-profiling-in-symbolic-music/type 0 midis/Le_Beau,_Luise_Adolpha/5_Lieder,_Op.7/4_Die_Alpenrose/lc6577118.mid_type0.mid"
692,"Le_Beau,_Luise_Adolpha/5_Lieder,_Op.7/5_Wiegenlied",Wiegenlied,5106653,"Le_Beau,_Luise_Adolpha",Luise Adolpha Le Beau,Female,German composer,2,7,"../Lieder/scores/Le_Beau,_Luise_Adolpha/5_Lieder,_Op.7/5_Wiegenlied/lc6577137.mid","['voice', 'piano', 'piano']",True,"../author-profiling-in-symbolic-music/type 0 midis/Le_Beau,_Luise_Adolpha/5_Lieder,_Op.7/5_Wiegenlied/lc6577137.mid_type0.mid"
738,"Mahler,_Gustav/Kindertotenlieder/1_Nun_will_die_Sonn’_so_hell_aufgeh’n",Nun will die Sonn’ so hell aufgeh’n,5051725,"Mahler,_Gustav",Gustav Mahler,Male,Austrian late-Romantic composer,2,9,"../Lieder/scores/Mahler,_Gustav/Kindertotenlieder/1_Nun_will_die_Sonn’_so_hell_aufgeh’n/lc5054519.mid","['voice', 'piano', 'piano']",True,"../author-profiling-in-symbolic-music/type 0 midis/Mahler,_Gustav/Kindertotenlieder/1_Nun_will_die_Sonn’_so_hell_aufgeh’n/lc5054519.mid_type0.mid"
739,"Mahler,_Gustav/Kindertotenlieder/2_Nun_seh’_ich_wohl,_warum_so_dunkle_Flammen","Nun seh’ ich wohl, warum so dunkle Flammen",5051725,"Mahler,_Gustav",Gustav Mahler,Male,Austrian late-Romantic composer,2,9,"../Lieder/scores/Mahler,_Gustav/Kindertotenlieder/2_Nun_seh’_ich_wohl,_warum_so_dunkle_Flammen/lc5051724.mid","['voice', 'piano', 'piano']",True,"../author-profiling-in-symbolic-music/type 0 midis/Mahler,_Gustav/Kindertotenlieder/2_Nun_seh’_ich_wohl,_warum_so_dunkle_Flammen/lc5051724.mid_type0.mid"
740,"Mahler,_Gustav/Kindertotenlieder/3_Wenn_dein_Mütterlein",Wenn dein Mütterlein,5051725,"Mahler,_Gustav",Gustav Mahler,Male,Austrian late-Romantic composer,2,9,"../Lieder/scores/Mahler,_Gustav/Kindertotenlieder/3_Wenn_dein_Mütterlein/lc5052787.mid","['voice', 'piano', 'piano']",True,"../author-profiling-in-symbolic-music/type 0 midis/Mahler,_Gustav/Kindertotenlieder/3_Wenn_dein_Mütterlein/lc5052787.mid_type0.mid"
741,"Mahler,_Gustav/Kindertotenlieder/4_Oft_denk’_ich,_sie_sind_nur_ausgegangen","Oft denk’ ich, sie sind nur ausgegangen",5051725,"Mahler,_Gustav",Gustav Mahler,Male,Austrian late-Romantic composer,2,9,"../Lieder/scores/Mahler,_Gustav/Kindertotenlieder/4_Oft_denk’_ich,_sie_sind_nur_ausgegangen/lc5062118.mid","['voice', 'piano', 'piano']",True,"../author-profiling-in-symbolic-music/type 0 midis/Mahler,_Gustav/Kindertotenlieder/4_Oft_denk’_ich,_sie_sind_nur_ausgegangen/lc5062118.mid_type0.mid"
742,"Mahler,_Gustav/Kindertotenlieder/5_In_diesem_Wetter",In diesem Wetter,5051725,"Mahler,_Gustav",Gustav Mahler,Male,Austrian late-Romantic composer,2,9,"../Lieder/scores/Mahler,_Gustav/Kindertotenlieder/5_In_diesem_Wetter/lc5052823.mid","['voice', 'piano', 'piano']",True,"../author-profiling-in-symbolic-music/type 0 midis/Mahler,_Gustav/Kindertotenlieder/5_In_diesem_Wetter/lc5052823.mid_type0.mid"
743,"Mahler,_Gustav/Lieder_eines_fahrenden_Gesellen/1_Wenn_mein_Schatz_Hochzeit_macht",Wenn mein Schatz Hochzeit macht,5026280,"Mahler,_Gustav",Gustav Mahler,Male,Austrian late-Romantic composer,2,9,"../Lieder/scores/Mahler,_Gustav/Lieder_eines_fahrenden_Gesellen/1_Wenn_mein_Schatz_Hochzeit_macht/lc5026266.mid","['voice', 'piano', 'piano']",True,"../author-profiling-in-symbolic-music/type 0 midis/Mahler,_Gustav/Lieder_eines_fahrenden_Gesellen/1_Wenn_mein_Schatz_Hochzeit_macht/lc5026266.mid_type0.mid"
744,"Mahler,_Gustav/Lieder_eines_fahrenden_Gesellen/2_Gieng_heut_morgen_übers_Feld",Gieng heut morgen übers Feld,5026280,"Mahler,_Gustav",Gustav Mahler,Male,Austrian late-Romantic composer,2,9,"../Lieder/scores/Mahler,_Gustav/Lieder_eines_fahrenden_Gesellen/2_Gieng_heut_morgen_übers_Feld/lc5026309.mid","['voice', 'piano', 'piano']",True,"../author-profiling-in-symbolic-music/type 0 midis/Mahler,_Gustav/Lieder_eines_fahrenden_Gesellen/2_Gieng_heut_morgen_übers_Feld/lc5026309.mid_type0.mid"
745,"Mahler,_Gustav/Lieder_eines_fahrenden_Gesellen/3_Ich_hab’_ein_glühend_Messer",Ich hab’ ein glühend Messer,5026280,"Mahler,_Gustav",Gustav Mahler,Male,Austrian late-Romantic composer,2,9,"../Lieder/scores/Mahler,_Gustav/Lieder_eines_fahrenden_Gesellen/3_Ich_hab’_ein_glühend_Messer/lc5026306.mid","['voice', 'piano', 'piano']",True,"../author-profiling-in-symbolic-music/type 0 midis/Mahler,_Gustav/Lieder_eines_fahrenden_Gesellen/3_Ich_hab’_ein_glühend_Messer/lc5026306.mid_type0.mid"
746,"Mahler,_Gustav/Lieder_eines_fahrenden_Gesellen/4_Die_zwei_blauen_Augen_von_meinem_Schatz",Die zwei blauen Augen von meinem Schatz,5026280,"Mahler,_Gustav",Gustav Mahler,Male,Austrian late-Romantic composer,2,9,"../Lieder/scores/Mahler,_Gustav/Lieder_eines_fahrenden_Gesellen/4_Die_zwei_blauen_Augen_von_meinem_Schatz/lc5026316.mid","['voice', 'piano', 'piano']",True,"../author-profiling-in-symbolic-music/type 0 midis/Mahler,_Gustav/Lieder_eines_fahrenden_Gesellen/4_Die_zwei_blauen_Augen_von_meinem_Schatz/lc5026316.mid_type0.mid"
969,"Schumann,_Robert/5_Lieder_und_Gesänge,_Op.127/3_Es_leuchtet_meine_Liebe",Es leuchtet meine Liebe,5109333,"Schumann,_Robert",Robert Schumann,Male,German composer,6,72,"../Lieder/scores/Schumann,_Robert/5_Lieder_und_Gesänge,_Op.127/3_Es_leuchtet_meine_Liebe/lc6826597.mid","['voice', 'piano', 'piano']",True,"../author-profiling-in-symbolic-music/type 0 midis/Schumann,_Robert/5_Lieder_und_Gesänge,_Op.127/3_Es_leuchtet_meine_Liebe/lc6826597.mid_type0.mid"
970,"Schumann,_Robert/Dichterliebe,_Op.48/02_Aus_meinen_Tränen_sprießen",Aus meinen Tränen sprießen,5003152,"Schumann,_Robert",Robert Schumann,Male,German composer,6,72,"../Lieder/scores/Schumann,_Robert/Dichterliebe,_Op.48/02_Aus_meinen_Tränen_sprießen/lc4976769.mid","['voice', 'piano', 'piano']",True,"../author-profiling-in-symbolic-music/type 0 midis/Schumann,_Robert/Dichterliebe,_Op.48/02_Aus_meinen_Tränen_sprießen/lc4976769.mid_type0.mid"
971,"Schumann,_Robert/Dichterliebe,_Op.48/05_Ich_will_meine_Seele_tauchen",Ich will meine Seele tauchen,5003152,"Schumann,_Robert",Robert Schumann,Male,German composer,6,72,"../Lieder/scores/Schumann,_Robert/Dichterliebe,_Op.48/05_Ich_will_meine_Seele_tauchen/lc4978373.mid","['voice', 'piano', 'piano']",True,"../author-profiling-in-symbolic-music/type 0 midis/Schumann,_Robert/Dichterliebe,_Op.48/05_Ich_will_meine_Seele_tauchen/lc4978373.mid_type0.mid"
972,"Schumann,_Robert/Dichterliebe,_Op.48/06_Im_Rhein,_im_heiligen_Strome","Im Rhein, im heiligen Strome",5003152,"Schumann,_Robert",Robert Schumann,Male,German composer,6,72,"../Lieder/scores/Schumann,_Robert/Dichterliebe,_Op.48/06_Im_Rhein,_im_heiligen_Strome/lc4978379.mid","['voice', 'piano', 'piano']",True,"../author-profiling-in-symbolic-music/type 0 midis/Schumann,_Robert/Dichterliebe,_Op.48/06_Im_Rhein,_im_heiligen_Strome/lc4978379.mid_type0.mid"
973,"Schumann,_Robert/Dichterliebe,_Op.48/07_Ich_grolle_nicht",Ich grolle nicht,5003152,"Schumann,_Robert",Robert Schumann,Male,German composer,6,72,"../Lieder/scores/Schumann,_Robert/Dichterliebe,_Op.48/07_Ich_grolle_nicht/lc4978382.mid","['voice', 'piano', 'piano']",True,"../author-profiling-in-symbolic-music/type 0 midis/Schumann,_Robert/Dichterliebe,_Op.48/07_Ich_grolle_nicht/lc4978382.mid_type0.mid"
974,"Schumann,_Robert/Dichterliebe,_Op.48/08_Und_wüssten’s_die_Blumen",Und wüssten’s die Blumen,5003152,"Schumann,_Robert",Robert Schumann,Male,German composer,6,72,"../Lieder/scores/Schumann,_Robert/Dichterliebe,_Op.48/08_Und_wüssten’s_die_Blumen/lc4978387.mid","['voice', 'piano', 'piano']",True,"../author-profiling-in-symbolic-music/type 0 midis/Schumann,_Robert/Dichterliebe,_Op.48/08_Und_wüssten’s_die_Blumen/lc4978387.mid_type0.mid"
975,"Schumann,_Robert/Dichterliebe,_Op.48/10_Hör’_ich_das_Liedchen_klingen",Hör’ ich das Liedchen klingen,5003152,"Schumann,_Robert",Robert Schumann,Male,German composer,6,72,"../Lieder/scores/Schumann,_Robert/Dichterliebe,_Op.48/10_Hör’_ich_das_Liedchen_klingen/lc5003150.mid","['voice', 'piano', 'piano']",True,"../author-profiling-in-symbolic-music/type 0 midis/Schumann,_Robert/Dichterliebe,_Op.48/10_Hör’_ich_das_Liedchen_klingen/lc5003150.mid_type0.mid"
976,"Schumann,_Robert/Dichterliebe,_Op.48/12_Am_leuchtenden_Sommermorgen",Am leuchtenden Sommermorgen,5003152,"Schumann,_Robert",Robert Schumann,Male,German composer,6,72,"../Lieder/scores/Schumann,_Robert/Dichterliebe,_Op.48/12_Am_leuchtenden_Sommermorgen/lc4978395.mid","['voice', 'piano', 'piano']",True,"../author-profiling-in-symbolic-music/type 0 midis/Schumann,_Robert/Dichterliebe,_Op.48/12_Am_leuchtenden_Sommermorgen/lc4978395.mid_type0.mid"
977,"Schumann,_Robert/Dichterliebe,_Op.48/13_Ich_hab’_im_Traum_geweinet",Ich hab’ im Traum geweinet,5003152,"Schumann,_Robert",Robert Schumann,Male,German composer,6,72,"../Lieder/scores/Schumann,_Robert/Dichterliebe,_Op.48/13_Ich_hab’_im_Traum_geweinet/lc4978396.mid","['voice', 'piano', 'piano']",True,"../author-profiling-in-symbolic-music/type 0 midis/Schumann,_Robert/Dichterliebe,_Op.48/13_Ich_hab’_im_Traum_geweinet/lc4978396.mid_type0.mid"
978,"Schumann,_Robert/Dichterliebe,_Op.48/14_Allnächtlich_im_Traume",Allnächtlich im Traume,5003152,"Schumann,_Robert",Robert Schumann,Male,German composer,6,72,"../Lieder/scores/Schumann,_Robert/Dichterliebe,_Op.48/14_Allnächtlich_im_Traume/lc4978397.mid","['voice', 'piano', 'piano']",True,"../author-profiling-in-symbolic-music/type 0 midis/Schumann,_Robert/Dichterliebe,_Op.48/14_Allnächtlich_im_Traume/lc4978397.mid_type0.mid"
979,"Schumann,_Robert/Frauenliebe_und_Leben,_Op.42/1_Seit_ich_ihn_gesehen",Seit ich ihn gesehen,5016693,"Schumann,_Robert",Robert Schumann,Male,German composer,6,72,"../Lieder/scores/Schumann,_Robert/Frauenliebe_und_Leben,_Op.42/1_Seit_ich_ihn_gesehen/lc4978468.mid","['voice', 'piano', 'piano']",True,"../author-profiling-in-symbolic-music/type 0 midis/Schumann,_Robert/Frauenliebe_und_Leben,_Op.42/1_Seit_ich_ihn_gesehen/lc4978468.mid_type0.mid"
980,"Schumann,_Robert/Frauenliebe_und_Leben,_Op.42/4_Du_Ring_an_meinem_Finger",Du Ring an meinem Finger,5016693,"Schumann,_Robert",Robert Schumann,Male,German composer,6,72,"../Lieder/scores/Schumann,_Robert/Frauenliebe_und_Leben,_Op.42/4_Du_Ring_an_meinem_Finger/lc4978488.mid","['voice', 'piano', 'piano']",True,"../author-profiling-in-symbolic-music/type 0 midis/Schumann,_Robert/Frauenliebe_und_Leben,_Op.42/4_Du_Ring_an_meinem_Finger/lc4978488.mid_type0.mid"
981,"Schumann,_Robert/Frauenliebe_und_Leben,_Op.42/6_Süsser_Freund,_du_blickest","Süsser Freund, du blickest",5016693,"Schumann,_Robert",Robert Schumann,Male,German composer,6,72,"../Lieder/scores/Schumann,_Robert/Frauenliebe_und_Leben,_Op.42/6_Süsser_Freund,_du_blickest/lc4978494.mid","['voice', 'piano', 'piano']",True,"../author-profiling-in-symbolic-music/type 0 midis/Schumann,_Robert/Frauenliebe_und_Leben,_Op.42/6_Süsser_Freund,_du_blickest/lc4978494.mid_type0.mid"
982,"Schumann,_Robert/Frauenliebe_und_Leben,_Op.42/7_An_meinem_Herzen",An meinem Herzen,5016693,"Schumann,_Robert",Robert Schumann,Male,German composer,6,72,"../Lieder/scores/Schumann,_Robert/Frauenliebe_und_Leben,_Op.42/7_An_meinem_Herzen/lc4978496.mid","['voice', 'piano', 'piano']",True,"../author-profiling-in-symbolic-music/type 0 midis/Schumann,_Robert/Frauenliebe_und_Leben,_Op.42/7_An_meinem_Herzen/lc4978496.mid_type0.mid"
983,"Schumann,_Robert/Frauenliebe_und_Leben,_Op.42/8_Nun_hast_du_mir_den_ersten_Schmerz_getan",Nun hast du mir den ersten Schmerz getan,5016693,"Schumann,_Robert",Robert Schumann,Male,German composer,6,72,"../Lieder/scores/Schumann,_Robert/Frauenliebe_und_Leben,_Op.42/8_Nun_hast_du_mir_den_ersten_Schmerz_getan/lc4978501.mid","['voice', 'piano', 'piano']",True,"../author-profiling-in-symbolic-music/type 0 midis/Schumann,_Robert/Frauenliebe_und_Leben,_Op.42/8_Nun_hast_du_mir_den_ersten_Schmerz_getan/lc4978501.mid_type0.mid"
984,"Schumann,_Robert/Lieder_und_Gesänge,_Vol.IV,_Op.96/1_Nachtlied",Nachtlied,5109332,"Schumann,_Robert",Robert Schumann,Male,German composer,6,72,"../Lieder/scores/Schumann,_Robert/Lieder_und_Gesänge,_Vol.IV,_Op.96/1_Nachtlied/lc6984262.mid","['voice', 'piano', 'piano']",True,"../author-profiling-in-symbolic-music/type 0 midis/Schumann,_Robert/Lieder_und_Gesänge,_Vol.IV,_Op.96/1_Nachtlied/lc6984262.mid_type0.mid"
985,"Schumann,_Robert/Lieder_und_Gesänge,_Vol.IV,_Op.96/2_Schneeglöckchen",Schneeglöckchen,5109332,"Schumann,_Robert",Robert Schumann,Male,German composer,6,72,"../Lieder/scores/Schumann,_Robert/Lieder_und_Gesänge,_Vol.IV,_Op.96/2_Schneeglöckchen/lc6984553.mid","['voice', 'piano', 'piano']",True,"../author-profiling-in-symbolic-music/type 0 midis/Schumann,_Robert/Lieder_und_Gesänge,_Vol.IV,_Op.96/2_Schneeglöckchen/lc6984553.mid_type0.mid"
986,"Schumann,_Robert/Lieder_und_Gesänge,_Vol.IV,_Op.96/4_Gesungen",Gesungen,5109332,"Schumann,_Robert",Robert Schumann,Male,German composer,6,72,"../Lieder/scores/Schumann,_Robert/Lieder_und_Gesänge,_Vol.IV,_Op.96/4_Gesungen/lc6984631.mid","['voice', 'piano', 'piano']",True,"../author-profiling-in-symbolic-music/type 0 midis/Schumann,_Robert/Lieder_und_Gesänge,_Vol.IV,_Op.96/4_Gesungen/lc6984631.mid_type0.mid"
987,"Schumann,_Robert/Liederkreis,_Op.39/02_Intermezzo",Intermezzo,5003125,"Schumann,_Robert",Robert Schumann,Male,German composer,6,72,"../Lieder/scores/Schumann,_Robert/Liederkreis,_Op.39/02_Intermezzo/lc4987618.mid","['voice', 'piano', 'piano']",True,"../author-profiling-in-symbolic-music/type 0 midis/Schumann,_Robert/Liederkreis,_Op.39/02_Intermezzo/lc4987618.mid_type0.mid"
988,"Schumann,_Robert/Liederkreis,_Op.39/04_Die_Stille",Die Stille,5003125,"Schumann,_Robert",Robert Schumann,Male,German composer,6,72,"../Lieder/scores/Schumann,_Robert/Liederkreis,_Op.39/04_Die_Stille/lc4987633.mid","['voice', 'piano', 'piano']",True,"../author-profiling-in-symbolic-music/type 0 midis/Schumann,_Robert/Liederkreis,_Op.39/04_Die_Stille/lc4987633.mid_type0.mid"
989,"Schumann,_Robert/Liederkreis,_Op.39/06_Schöne_Fremde",Schöne Fremde,5003125,"Schumann,_Robert",Robert Schumann,Male,German composer,6,72,"../Lieder/scores/Schumann,_Robert/Liederkreis,_Op.39/06_Schöne_Fremde/lc4987650.mid","['voice', 'piano', 'piano']",True,"../author-profiling-in-symbolic-music/type 0 midis/Schumann,_Robert/Liederkreis,_Op.39/06_Schöne_Fremde/lc4987650.mid_type0.mid"
990,"Schumann,_Robert/Liederkreis,_Op.39/07_Auf_einer_Burg",Auf einer Burg,5003125,"Schumann,_Robert",Robert Schumann,Male,German composer,6,72,"../Lieder/scores/Schumann,_Robert/Liederkreis,_Op.39/07_Auf_einer_Burg/lc4987658.mid","['voice', 'piano', 'piano']",True,"../author-profiling-in-symbolic-music/type 0 midis/Schumann,_Robert/Liederkreis,_Op.39/07_Auf_einer_Burg/lc4987658.mid_type0.mid"
991,"Schumann,_Robert/Liederkreis,_Op.39/08_In_der_Fremde_[II]",In der Fremde [II],5003125,"Schumann,_Robert",Robert Schumann,Male,German composer,6,72,"../Lieder/scores/Schumann,_Robert/Liederkreis,_Op.39/08_In_der_Fremde_[II]/lc4987661.mid","['voice', 'piano', 'piano']",True,"../author-profiling-in-symbolic-music/type 0 midis/Schumann,_Robert/Liederkreis,_Op.39/08_In_der_Fremde_[II]/lc4987661.mid_type0.mid"
992,"Schumann,_Robert/Liederkreis,_Op.39/09_Wehmuth",Wehmuth,5003125,"Schumann,_Robert",Robert Schumann,Male,German composer,6,72,"../Lieder/scores/Schumann,_Robert/Liederkreis,_Op.39/09_Wehmuth/lc4987664.mid","['voice', 'piano', 'piano']",True,"../author-profiling-in-symbolic-music/type 0 midis/Schumann,_Robert/Liederkreis,_Op.39/09_Wehmuth/lc4987664.mid_type0.mid"
993,"Schumann,_Robert/Liederkreis,_Op.39/10_Zwielicht",Zwielicht,5003125,"Schumann,_Robert",Robert Schumann,Male,German composer,6,72,"../Lieder/scores/Schumann,_Robert/Liederkreis,_Op.39/10_Zwielicht/lc4987672.mid","['voice', 'piano', 'piano']",True,"../author-profiling-in-symbolic-music/type 0 midis/Schumann,_Robert/Liederkreis,_Op.39/10_Zwielicht/lc4987672.mid_type0.mid"
994,"Schumann,_Robert/Liederkreis,_Op.39/11_Im_Walde",Im Walde,5003125,"Schumann,_Robert",Robert Schumann,Male,German composer,6,72,"../Lieder/scores/Schumann,_Robert/Liederkreis,_Op.39/11_Im_Walde/lc5003122.mid","['voice', 'piano', 'piano']",True,"../author-profiling-in-symbolic-music/type 0 midis/Schumann,_Robert/Liederkreis,_Op.39/11_Im_Walde/lc5003122.mid_type0.mid"
995,"Schumann,_Robert/Myrthen,_Op.25/01_Widmung",Widmung,5109331,"Schumann,_Robert",Robert Schumann,Male,German composer,6,72,"../Lieder/scores/Schumann,_Robert/Myrthen,_Op.25/01_Widmung/lc6885211.mid","['voice', 'piano', 'piano']",True,"../author-profiling-in-symbolic-music/type 0 midis/Schumann,_Robert/Myrthen,_Op.25/01_Widmung/lc6885211.mid_type0.mid"
996,"Schumann,_Robert/Myrthen,_Op.25/03_Der_Nussbaum",Der Nussbaum,5109331,"Schumann,_Robert",Robert Schumann,Male,German composer,6,72,"../Lieder/scores/Schumann,_Robert/Myrthen,_Op.25/03_Der_Nussbaum/lc6891758.mid","['voice', 'piano', 'piano']",True,"../author-profiling-in-symbolic-music/type 0 midis/Schumann,_Robert/Myrthen,_Op.25/03_Der_Nussbaum/lc6891758.mid_type0.mid"
997,"Schumann,_Robert/Myrthen,_Op.25/05_Sitz’_ich_allein",Sitz’ ich allein,5109331,"Schumann,_Robert",Robert Schumann,Male,German composer,6,72,"../Lieder/scores/Schumann,_Robert/Myrthen,_Op.25/05_Sitz’_ich_allein/lc6909543.mid","['voice', 'piano', 'piano']",True,"../author-profiling-in-symbolic-music/type 0 midis/Schumann,_Robert/Myrthen,_Op.25/05_Sitz’_ich_allein/lc6909543.mid_type0.mid"
998,"Schumann,_Robert/Myrthen,_Op.25/06_Setze_mir_nicht",Setze mir nicht,5109331,"Schumann,_Robert",Robert Schumann,Male,German composer,6,72,"../Lieder/scores/Schumann,_Robert/Myrthen,_Op.25/06_Setze_mir_nicht/lc6909785.mid","['voice', 'piano', 'piano']",True,"../author-profiling-in-symbolic-music/type 0 midis/Schumann,_Robert/Myrthen,_Op.25/06_Setze_mir_nicht/lc6909785.mid_type0.mid"
999,"Schumann,_Robert/Myrthen,_Op.25/07_Die_Lotosblume",Die Lotosblume,5109331,"Schumann,_Robert",Robert Schumann,Male,German composer,6,72,"../Lieder/scores/Schumann,_Robert/Myrthen,_Op.25/07_Die_Lotosblume/lc6909797.mid","['voice', 'piano', 'piano']",True,"../author-profiling-in-symbolic-music/type 0 midis/Schumann,_Robert/Myrthen,_Op.25/07_Die_Lotosblume/lc6909797.mid_type0.mid"
1000,"Schumann,_Robert/Myrthen,_Op.25/08_Talismane",Talismane,5109331,"Schumann,_Robert",Robert Schumann,Male,German composer,6,72,"../Lieder/scores/Schumann,_Robert/Myrthen,_Op.25/08_Talismane/lc6910703.mid","['voice', 'piano', 'piano']",True,"../author-profiling-in-symbolic-music/type 0 midis/Schumann,_Robert/Myrthen,_Op.25/08_Talismane/lc6910703.mid_type0.mid"
1001,"Schumann,_Robert/Myrthen,_Op.25/10_Die_Hochländer-Witwe",Die Hochländer-Witwe,5109331,"Schumann,_Robert",Robert Schumann,Male,German composer,6,72,"../Lieder/scores/Schumann,_Robert/Myrthen,_Op.25/10_Die_Hochländer-Witwe/lc6915474.mid","['voice', 'piano', 'piano']",True,"../author-profiling-in-symbolic-music/type 0 midis/Schumann,_Robert/Myrthen,_Op.25/10_Die_Hochländer-Witwe/lc6915474.mid_type0.mid"
1002,"Schumann,_Robert/Myrthen,_Op.25/11_Lieder_der_Braut_I_(Mutter!_Mutter!)",Lieder der Braut I (Mutter! Mutter!),5109331,"Schumann,_Robert",Robert Schumann,Male,German composer,6,72,"../Lieder/scores/Schumann,_Robert/Myrthen,_Op.25/11_Lieder_der_Braut_I_(Mutter!_Mutter!)/lc6915729.mid","['voice', 'piano', 'piano']",True,"../author-profiling-in-symbolic-music/type 0 midis/Schumann,_Robert/Myrthen,_Op.25/11_Lieder_der_Braut_I_(Mutter!_Mutter!)/lc6915729.mid_type0.mid"
1003,"Schumann,_Robert/Myrthen,_Op.25/12_Lieder_der_Braut_II_(Lass_mich_ihm_am_Busen_hangen)",Lieder der Braut II (Lass mich ihm am Busen hangen),5109331,"Schumann,_Robert",Robert Schumann,Male,German composer,6,72,"../Lieder/scores/Schumann,_Robert/Myrthen,_Op.25/12_Lieder_der_Braut_II_(Lass_mich_ihm_am_Busen_hangen)/lc6915753.mid","['voice', 'piano', 'piano']",True,"../author-profiling-in-symbolic-music/type 0 midis/Schumann,_Robert/Myrthen,_Op.25/12_Lieder_der_Braut_II_(Lass_mich_ihm_am_Busen_hangen)/lc6915753.mid_type0.mid"
1004,"Schumann,_Robert/Myrthen,_Op.25/13_Hochländers_Abschied",Hochländers Abschied,5109331,"Schumann,_Robert",Robert Schumann,Male,German composer,6,72,"../Lieder/scores/Schumann,_Robert/Myrthen,_Op.25/13_Hochländers_Abschied/lc6916642.mid","['voice', 'piano', 'piano']",True,"../author-profiling-in-symbolic-music/type 0 midis/Schumann,_Robert/Myrthen,_Op.25/13_Hochländers_Abschied/lc6916642.mid_type0.mid"
1005,"Schumann,_Robert/Myrthen,_Op.25/21_Was_will_die_einsame_Träne",Was will die einsame Träne?,5109331,"Schumann,_Robert",Robert Schumann,Male,German composer,6,72,"../Lieder/scores/Schumann,_Robert/Myrthen,_Op.25/21_Was_will_die_einsame_Träne/lc6980134.mid","['voice', 'piano', 'piano']",True,"../author-profiling-in-symbolic-music/type 0 midis/Schumann,_Robert/Myrthen,_Op.25/21_Was_will_die_einsame_Träne/lc6980134.mid_type0.mid"
1006,"Schumann,_Robert/Myrthen,_Op.25/22_Niemand",Niemand,5109331,"Schumann,_Robert",Robert Schumann,Male,German composer,6,72,"../Lieder/scores/Schumann,_Robert/Myrthen,_Op.25/22_Niemand/lc6980464.mid","['voice', 'piano', 'piano']",True,"../author-profiling-in-symbolic-music/type 0 midis/Schumann,_Robert/Myrthen,_Op.25/22_Niemand/lc6980464.mid_type0.mid"
1007,"Schumann,_Robert/Myrthen,_Op.25/24_Du_bist_wie_ein_Blume",Du bist wie ein Blume,5109331,"Schumann,_Robert",Robert Schumann,Male,German composer,6,72,"../Lieder/scores/Schumann,_Robert/Myrthen,_Op.25/24_Du_bist_wie_ein_Blume/lc6982729.mid","['voice', 'piano', 'piano']",True,"../author-profiling-in-symbolic-music/type 0 midis/Schumann,_Robert/Myrthen,_Op.25/24_Du_bist_wie_ein_Blume/lc6982729.mid_type0.mid"
1008,"Schumann,_Robert/Myrthen,_Op.25/26_Zum_Schluss",Zum Schluss,5109331,"Schumann,_Robert",Robert Schumann,Male,German composer,6,72,"../Lieder/scores/Schumann,_Robert/Myrthen,_Op.25/26_Zum_Schluss/lc6915685.mid","['voice', 'piano', 'piano']",True,"../author-profiling-in-symbolic-music/type 0 midis/Schumann,_Robert/Myrthen,_Op.25/26_Zum_Schluss/lc6915685.mid_type0.mid"
1009,"Shield,_William/_/The_Maid_of_Lodi",The Maid of Lodi,5105781,"Shield,_William",William Shield,Male,British musician,1,1,"../Lieder/scores/Shield,_William/_/The_Maid_of_Lodi/lc6445119.mid","['voice', 'piano', 'piano']",True,"../author-profiling-in-symbolic-music/type 0 midis/Shield,_William/_/The_Maid_of_Lodi/lc6445119.mid_type0.mid"
1047,"Viardot,_Pauline/_/Bonjour_mon_cœur!,_VWV_1072","Bonjour mon cœur!, VWV 1072",5106660,"Viardot,_Pauline",Pauline Viardot,Female,French mezzo-soprano and composer,3,21,"../Lieder/scores/Viardot,_Pauline/_/Bonjour_mon_cœur!,_VWV_1072/lc6574373.mid","['voice', 'piano', 'piano']",True,"../author-profiling-in-symbolic-music/type 0 midis/Viardot,_Pauline/_/Bonjour_mon_cœur!,_VWV_1072/lc6574373.mid_type0.mid"
1048,"Viardot,_Pauline/_/Désespoir,_VWV_1138","Désespoir, VWV 1138",5106660,"Viardot,_Pauline",Pauline Viardot,Female,French mezzo-soprano and composer,3,21,"../Lieder/scores/Viardot,_Pauline/_/Désespoir,_VWV_1138/lc6574450.mid","['voice', 'piano', 'piano']",True,"../author-profiling-in-symbolic-music/type 0 midis/Viardot,_Pauline/_/Désespoir,_VWV_1138/lc6574450.mid_type0.mid"
1049,"Viardot,_Pauline/_/Lamento,_VWV_1139","Lamento, VWV 1139",5106660,"Viardot,_Pauline",Pauline Viardot,Female,French mezzo-soprano and composer,3,21,"../Lieder/scores/Viardot,_Pauline/_/Lamento,_VWV_1139/lc6575233.mid","['voice', 'piano', 'piano']",True,"../author-profiling-in-symbolic-music/type 0 midis/Viardot,_Pauline/_/Lamento,_VWV_1139/lc6575233.mid_type0.mid"
1050,"Viardot,_Pauline/_/Le_chêne_et_le_roseau,_VWV_1036","Le chêne et le roseau, VWV 1036",5106660,"Viardot,_Pauline",Pauline Viardot,Female,French mezzo-soprano and composer,3,21,"../Lieder/scores/Viardot,_Pauline/_/Le_chêne_et_le_roseau,_VWV_1036/lc6575283.mid","['voice', 'piano', 'piano']",True,"../author-profiling-in-symbolic-music/type 0 midis/Viardot,_Pauline/_/Le_chêne_et_le_roseau,_VWV_1036/lc6575283.mid_type0.mid"
1051,"Viardot,_Pauline/_/Le_rêve_de_Jésus,_VWV_1074","Le rêve de Jésus, VWV 1074",5106660,"Viardot,_Pauline",Pauline Viardot,Female,French mezzo-soprano and composer,3,21,"../Lieder/scores/Viardot,_Pauline/_/Le_rêve_de_Jésus,_VWV_1074/lc6581327.mid","['voice', 'piano', 'piano']",True,"../author-profiling-in-symbolic-music/type 0 midis/Viardot,_Pauline/_/Le_rêve_de_Jésus,_VWV_1074/lc6581327.mid_type0.mid"
1052,"Viardot,_Pauline/_/Les_Attraits,_VWV_1852","Les Attraits, VWV 1852",5106660,"Viardot,_Pauline",Pauline Viardot,Female,French mezzo-soprano and composer,3,21,"../Lieder/scores/Viardot,_Pauline/_/Les_Attraits,_VWV_1852/lc6581364.mid","['voice', 'piano', 'piano']",True,"../author-profiling-in-symbolic-music/type 0 midis/Viardot,_Pauline/_/Les_Attraits,_VWV_1852/lc6581364.mid_type0.mid"
1053,"Viardot,_Pauline/_/Rossignol,_rossignolet,_VWV_1071","Rossignol, rossignolet, VWV 1071",5106660,"Viardot,_Pauline",Pauline Viardot,Female,French mezzo-soprano and composer,3,21,"../Lieder/scores/Viardot,_Pauline/_/Rossignol,_rossignolet,_VWV_1071/lc6581778.mid","['voice', 'piano', 'piano']",True,"../author-profiling-in-symbolic-music/type 0 midis/Viardot,_Pauline/_/Rossignol,_rossignolet,_VWV_1071/lc6581778.mid_type0.mid"
1054,"Viardot,_Pauline/_/Scène_d’Hermione,_VWV_1007","Scène d’Hermione, VWV 1007",5106660,"Viardot,_Pauline",Pauline Viardot,Female,French mezzo-soprano and composer,3,21,"../Lieder/scores/Viardot,_Pauline/_/Scène_d’Hermione,_VWV_1007/lc6582062.mid","['voice', 'piano', 'piano']",True,"../author-profiling-in-symbolic-music/type 0 midis/Viardot,_Pauline/_/Scène_d’Hermione,_VWV_1007/lc6582062.mid_type0.mid"
1055,"Viardot,_Pauline/6_Mélodies_et_une_havanaise/1_La_main",La main,5107407,"Viardot,_Pauline",Pauline Viardot,Female,French mezzo-soprano and composer,3,21,"../Lieder/scores/Viardot,_Pauline/6_Mélodies_et_une_havanaise/1_La_main/lc6634152.mid","['voice', 'piano', 'piano']",True,"../author-profiling-in-symbolic-music/type 0 midis/Viardot,_Pauline/6_Mélodies_et_une_havanaise/1_La_main/lc6634152.mid_type0.mid"
1056,"Viardot,_Pauline/6_Mélodies_et_une_havanaise/2_Dernier_aveu",Dernier aveu,5107407,"Viardot,_Pauline",Pauline Viardot,Female,French mezzo-soprano and composer,3,21,"../Lieder/scores/Viardot,_Pauline/6_Mélodies_et_une_havanaise/2_Dernier_aveu/lc6638810.mid","['voice', 'piano', 'piano']",True,"../author-profiling-in-symbolic-music/type 0 midis/Viardot,_Pauline/6_Mélodies_et_une_havanaise/2_Dernier_aveu/lc6638810.mid_type0.mid"
1057,"Viardot,_Pauline/6_Mélodies_et_une_havanaise/3b_J’en_mourrai",J’en mourrai,5107407,"Viardot,_Pauline",Pauline Viardot,Female,French mezzo-soprano and composer,3,21,"../Lieder/scores/Viardot,_Pauline/6_Mélodies_et_une_havanaise/3b_J’en_mourrai/lc6639009.mid","['voice', 'piano', 'piano']",True,"../author-profiling-in-symbolic-music/type 0 midis/Viardot,_Pauline/6_Mélodies_et_une_havanaise/3b_J’en_mourrai/lc6639009.mid_type0.mid"
1058,"Viardot,_Pauline/6_Mélodies_et_une_havanaise/4_Hai_Luli_!",Hai Luli !,5107407,"Viardot,_Pauline",Pauline Viardot,Female,French mezzo-soprano and composer,3,21,"../Lieder/scores/Viardot,_Pauline/6_Mélodies_et_une_havanaise/4_Hai_Luli_!/lc6639381.mid","['voice', 'piano', 'piano']",True,"../author-profiling-in-symbolic-music/type 0 midis/Viardot,_Pauline/6_Mélodies_et_une_havanaise/4_Hai_Luli_!/lc6639381.mid_type0.mid"
1059,"Viardot,_Pauline/6_Mélodies_et_une_havanaise/5_Gentilles_hirondelles",Gentilles hirondelles,5107407,"Viardot,_Pauline",Pauline Viardot,Female,French mezzo-soprano and composer,3,21,"../Lieder/scores/Viardot,_Pauline/6_Mélodies_et_une_havanaise/5_Gentilles_hirondelles/lc6641060.mid","['voice', 'piano', 'piano']",True,"../author-profiling-in-symbolic-music/type 0 midis/Viardot,_Pauline/6_Mélodies_et_une_havanaise/5_Gentilles_hirondelles/lc6641060.mid_type0.mid"
1060,"Viardot,_Pauline/6_Mélodies_et_une_havanaise/6b_Chanson_mélancolique",Chanson mélancolique,5107407,"Viardot,_Pauline",Pauline Viardot,Female,French mezzo-soprano and composer,3,21,"../Lieder/scores/Viardot,_Pauline/6_Mélodies_et_une_havanaise/6b_Chanson_mélancolique/lc6641170.mid","['voice', 'piano', 'piano']",True,"../author-profiling-in-symbolic-music/type 0 midis/Viardot,_Pauline/6_Mélodies_et_une_havanaise/6b_Chanson_mélancolique/lc6641170.mid_type0.mid"
1061,"Viardot,_Pauline/6_Mélodies_et_une_havanaise/7c_Havanaise",Havanaise,5107407,"Viardot,_Pauline",Pauline Viardot,Female,French mezzo-soprano and composer,3,21,"../Lieder/scores/Viardot,_Pauline/6_Mélodies_et_une_havanaise/7c_Havanaise/lc6641589.mid","['voice', 'piano', 'piano']",True,"../author-profiling-in-symbolic-music/type 0 midis/Viardot,_Pauline/6_Mélodies_et_une_havanaise/7c_Havanaise/lc6641589.mid_type0.mid"
1062,"Viardot,_Pauline/6_Mélodies,_VWV_1133-11371176/1_À_la_Fontaine,_VWV_1133","À la Fontaine, VWV 1133",5101686,"Viardot,_Pauline",Pauline Viardot,Female,French mezzo-soprano and composer,3,21,"../Lieder/scores/Viardot,_Pauline/6_Mélodies,_VWV_1133-11371176/1_À_la_Fontaine,_VWV_1133/lc5978033.mid","['voice', 'piano', 'piano']",True,"../author-profiling-in-symbolic-music/type 0 midis/Viardot,_Pauline/6_Mélodies,_VWV_1133-11371176/1_À_la_Fontaine,_VWV_1133/lc5978033.mid_type0.mid"
1063,"Viardot,_Pauline/6_Mélodies,_VWV_1133-11371176/2_Belle_Yoli,_VWV_1134","Belle Yoli, VWV 1134",5101686,"Viardot,_Pauline",Pauline Viardot,Female,French mezzo-soprano and composer,3,21,"../Lieder/scores/Viardot,_Pauline/6_Mélodies,_VWV_1133-11371176/2_Belle_Yoli,_VWV_1134/lc5988382.mid","['voice', 'piano', 'piano']",True,"../author-profiling-in-symbolic-music/type 0 midis/Viardot,_Pauline/6_Mélodies,_VWV_1133-11371176/2_Belle_Yoli,_VWV_1134/lc5988382.mid_type0.mid"
1064,"Viardot,_Pauline/6_Mélodies,_VWV_1133-11371176/3_Ici-bas_tous_les_lilas_meurent,_VWV_1176","Ici-bas tous les lilas meurent, VWV 1176",5101686,"Viardot,_Pauline",Pauline Viardot,Female,French mezzo-soprano and composer,3,21,"../Lieder/scores/Viardot,_Pauline/6_Mélodies,_VWV_1133-11371176/3_Ici-bas_tous_les_lilas_meurent,_VWV_1176/lc5979580.mid","['voice', 'piano', 'piano']",True,"../author-profiling-in-symbolic-music/type 0 midis/Viardot,_Pauline/6_Mélodies,_VWV_1133-11371176/3_Ici-bas_tous_les_lilas_meurent,_VWV_1176/lc5979580.mid_type0.mid"
1065,"Viardot,_Pauline/6_Mélodies,_VWV_1133-11371176/4_Sérénade_à_Rosine,_VWV_1137","Sérénade à Rosine, VWV 1137",5101686,"Viardot,_Pauline",Pauline Viardot,Female,French mezzo-soprano and composer,3,21,"../Lieder/scores/Viardot,_Pauline/6_Mélodies,_VWV_1133-11371176/4_Sérénade_à_Rosine,_VWV_1137/lc5989772.mid","['voice', 'piano', 'piano']",True,"../author-profiling-in-symbolic-music/type 0 midis/Viardot,_Pauline/6_Mélodies,_VWV_1133-11371176/4_Sérénade_à_Rosine,_VWV_1137/lc5989772.mid_type0.mid"
1066,"Viardot,_Pauline/6_Mélodies,_VWV_1133-11371176/5_Madrid,_VWV_1136","Madrid, VWV 1136",5101686,"Viardot,_Pauline",Pauline Viardot,Female,French mezzo-soprano and composer,3,21,"../Lieder/scores/Viardot,_Pauline/6_Mélodies,_VWV_1133-11371176/5_Madrid,_VWV_1136/lc5974308.mid","['voice', 'piano', 'piano']",True,"../author-profiling-in-symbolic-music/type 0 midis/Viardot,_Pauline/6_Mélodies,_VWV_1133-11371176/5_Madrid,_VWV_1136/lc5974308.mid_type0.mid"
1067,"Viardot,_Pauline/6_Mélodies,_VWV_1133-11371176/6_Les_filles_de_Cadix,_VWV_1135","Les filles de Cadix, VWV 1135",5101686,"Viardot,_Pauline",Pauline Viardot,Female,French mezzo-soprano and composer,3,21,"../Lieder/scores/Viardot,_Pauline/6_Mélodies,_VWV_1133-11371176/6_Les_filles_de_Cadix,_VWV_1135/lc5975897.mid","['voice', 'piano', 'piano']",True,"../author-profiling-in-symbolic-music/type 0 midis/Viardot,_Pauline/6_Mélodies,_VWV_1133-11371176/6_Les_filles_de_Cadix,_VWV_1135/lc5975897.mid_type0.mid"
1095,"Webern,_Anton/5_Lieder_aus_“Der_siebente_Ring”,_Op.3/1_Dies_ist_ein_Lied_für_dich_allein",Dies ist ein Lied für dich allein,5108199,"Webern,_Anton",Anton Webern,Male,Austrian composer and conductor,2,10,"../Lieder/scores/Webern,_Anton/5_Lieder_aus_“Der_siebente_Ring”,_Op.3/1_Dies_ist_ein_Lied_für_dich_allein/lc6715306.mid","['voice', 'piano', 'piano']",True,"../author-profiling-in-symbolic-music/type 0 midis/Webern,_Anton/5_Lieder_aus_“Der_siebente_Ring”,_Op.3/1_Dies_ist_ein_Lied_für_dich_allein/lc6715306.mid_type0.mid"
1096,"Webern,_Anton/5_Lieder_aus_“Der_siebente_Ring”,_Op.3/2_Im_Windesweben",Im Windesweben,5108199,"Webern,_Anton",Anton Webern,Male,Austrian composer and conductor,2,10,"../Lieder/scores/Webern,_Anton/5_Lieder_aus_“Der_siebente_Ring”,_Op.3/2_Im_Windesweben/lc6715339.mid","['voice', 'piano', 'piano']",True,"../author-profiling-in-symbolic-music/type 0 midis/Webern,_Anton/5_Lieder_aus_“Der_siebente_Ring”,_Op.3/2_Im_Windesweben/lc6715339.mid_type0.mid"
1097,"Webern,_Anton/5_Lieder_aus_“Der_siebente_Ring”,_Op.3/3_An_Bachesranft",An Bachesranft,5108199,"Webern,_Anton",Anton Webern,Male,Austrian composer and conductor,2,10,"../Lieder/scores/Webern,_Anton/5_Lieder_aus_“Der_siebente_Ring”,_Op.3/3_An_Bachesranft/lc6715795.mid","['voice', 'piano', 'piano']",True,"../author-profiling-in-symbolic-music/type 0 midis/Webern,_Anton/5_Lieder_aus_“Der_siebente_Ring”,_Op.3/3_An_Bachesranft/lc6715795.mid_type0.mid"
1098,"Webern,_Anton/5_Lieder_aus_“Der_siebente_Ring”,_Op.3/4_Im_Morgentaun",Im Morgentaun,5108199,"Webern,_Anton",Anton Webern,Male,Austrian composer and conductor,2,10,"../Lieder/scores/Webern,_Anton/5_Lieder_aus_“Der_siebente_Ring”,_Op.3/4_Im_Morgentaun/lc6716614.mid","['voice', 'piano', 'piano']",True,"../author-profiling-in-symbolic-music/type 0 midis/Webern,_Anton/5_Lieder_aus_“Der_siebente_Ring”,_Op.3/4_Im_Morgentaun/lc6716614.mid_type0.mid"
1099,"Webern,_Anton/5_Lieder_aus_“Der_siebente_Ring”,_Op.3/5_Kahl_reckt_der_Baum",Kahl reckt der Baum,5108199,"Webern,_Anton",Anton Webern,Male,Austrian composer and conductor,2,10,"../Lieder/scores/Webern,_Anton/5_Lieder_aus_“Der_siebente_Ring”,_Op.3/5_Kahl_reckt_der_Baum/lc6716631.mid","['voice', 'piano', 'piano']",True,"../author-profiling-in-symbolic-music/type 0 midis/Webern,_Anton/5_Lieder_aus_“Der_siebente_Ring”,_Op.3/5_Kahl_reckt_der_Baum/lc6716631.mid_type0.mid"
1100,"Webern,_Anton/5_Lieder_nach_Gedichten_von_Stefan_George,_Op.4/1_Eingang",Eingang,5108200,"Webern,_Anton",Anton Webern,Male,Austrian composer and conductor,2,10,"../Lieder/scores/Webern,_Anton/5_Lieder_nach_Gedichten_von_Stefan_George,_Op.4/1_Eingang/lc6725471.mid","['voice', 'piano', 'piano']",True,"../author-profiling-in-symbolic-music/type 0 midis/Webern,_Anton/5_Lieder_nach_Gedichten_von_Stefan_George,_Op.4/1_Eingang/lc6725471.mid_type0.mid"
1101,"Webern,_Anton/5_Lieder_nach_Gedichten_von_Stefan_George,_Op.4/2_Noch_zwingt_mich_Treue",Noch zwingt mich Treue,5108200,"Webern,_Anton",Anton Webern,Male,Austrian composer and conductor,2,10,"../Lieder/scores/Webern,_Anton/5_Lieder_nach_Gedichten_von_Stefan_George,_Op.4/2_Noch_zwingt_mich_Treue/lc6725510.mid","['voice', 'piano', 'piano']",True,"../author-profiling-in-symbolic-music/type 0 midis/Webern,_Anton/5_Lieder_nach_Gedichten_von_Stefan_George,_Op.4/2_Noch_zwingt_mich_Treue/lc6725510.mid_type0.mid"
1102,"Webern,_Anton/5_Lieder_nach_Gedichten_von_Stefan_George,_Op.4/3_Ja_Heil_und_Dank_dir_die_den_Segen_brachte!",Ja Heil und Dank dir die den Segen brachte!,5108200,"Webern,_Anton",Anton Webern,Male,Austrian composer and conductor,2,10,"../Lieder/scores/Webern,_Anton/5_Lieder_nach_Gedichten_von_Stefan_George,_Op.4/3_Ja_Heil_und_Dank_dir_die_den_Segen_brachte!/lc6725782.mid","['voice', 'piano', 'piano']",True,"../author-profiling-in-symbolic-music/type 0 midis/Webern,_Anton/5_Lieder_nach_Gedichten_von_Stefan_George,_Op.4/3_Ja_Heil_und_Dank_dir_die_den_Segen_brachte!/lc6725782.mid_type0.mid"
1103,"Webern,_Anton/5_Lieder_nach_Gedichten_von_Stefan_George,_Op.4/4_So_ich_traurig_bin",So ich traurig bin,5108200,"Webern,_Anton",Anton Webern,Male,Austrian composer and conductor,2,10,"../Lieder/scores/Webern,_Anton/5_Lieder_nach_Gedichten_von_Stefan_George,_Op.4/4_So_ich_traurig_bin/lc6725890.mid","['voice', 'piano', 'piano']",True,"../author-profiling-in-symbolic-music/type 0 midis/Webern,_Anton/5_Lieder_nach_Gedichten_von_Stefan_George,_Op.4/4_So_ich_traurig_bin/lc6725890.mid_type0.mid"
1104,"Webern,_Anton/5_Lieder_nach_Gedichten_von_Stefan_George,_Op.4/5_Ihr_tratet_zu_dem_Herde",Ihr tratet zu dem Herde,5108200,"Webern,_Anton",Anton Webern,Male,Austrian composer and conductor,2,10,"../Lieder/scores/Webern,_Anton/5_Lieder_nach_Gedichten_von_Stefan_George,_Op.4/5_Ihr_tratet_zu_dem_Herde/lc6726319.mid","['voice', 'piano', 'piano']",True,"../author-profiling-in-symbolic-music/type 0 midis/Webern,_Anton/5_Lieder_nach_Gedichten_von_Stefan_George,_Op.4/5_Ihr_tratet_zu_dem_Herde/lc6726319.mid_type0.mid"
1111,"Wolf,_Hugo/Eichendorff-Lieder/01_Der_Freund",Der Freund,5013942,"Wolf,_Hugo",Hugo Wolf,Male,Austrian composer,3,22,"../Lieder/scores/Wolf,_Hugo/Eichendorff-Lieder/01_Der_Freund/lc5016637.mid","['voice', 'piano', 'piano']",True,"../author-profiling-in-symbolic-music/type 0 midis/Wolf,_Hugo/Eichendorff-Lieder/01_Der_Freund/lc5016637.mid_type0.mid"
1112,"Wolf,_Hugo/Eichendorff-Lieder/02_Der_Musikant",Der Musikant,5013942,"Wolf,_Hugo",Hugo Wolf,Male,Austrian composer,3,22,"../Lieder/scores/Wolf,_Hugo/Eichendorff-Lieder/02_Der_Musikant/lc5024866.mid","['voice', 'piano', 'piano']",True,"../author-profiling-in-symbolic-music/type 0 midis/Wolf,_Hugo/Eichendorff-Lieder/02_Der_Musikant/lc5024866.mid_type0.mid"
1113,"Wolf,_Hugo/Eichendorff-Lieder/03_Verschwiegene_Liebe",Verschwiegene Liebe,5013942,"Wolf,_Hugo",Hugo Wolf,Male,Austrian composer,3,22,"../Lieder/scores/Wolf,_Hugo/Eichendorff-Lieder/03_Verschwiegene_Liebe/lc4946077.mid","['voice', 'piano', 'piano']",True,"../author-profiling-in-symbolic-music/type 0 midis/Wolf,_Hugo/Eichendorff-Lieder/03_Verschwiegene_Liebe/lc4946077.mid_type0.mid"
1114,"Wolf,_Hugo/Eichendorff-Lieder/04_Das_Ständchen",Das Ständchen,5013942,"Wolf,_Hugo",Hugo Wolf,Male,Austrian composer,3,22,"../Lieder/scores/Wolf,_Hugo/Eichendorff-Lieder/04_Das_Ständchen/lc5024834.mid","['voice', 'piano', 'piano']",True,"../author-profiling-in-symbolic-music/type 0 midis/Wolf,_Hugo/Eichendorff-Lieder/04_Das_Ständchen/lc5024834.mid_type0.mid"
1115,"Wolf,_Hugo/Eichendorff-Lieder/05_Der_Soldat_I",Der Soldat I,5013942,"Wolf,_Hugo",Hugo Wolf,Male,Austrian composer,3,22,"../Lieder/scores/Wolf,_Hugo/Eichendorff-Lieder/05_Der_Soldat_I/lc5024898.mid","['voice', 'piano', 'piano']",True,"../author-profiling-in-symbolic-music/type 0 midis/Wolf,_Hugo/Eichendorff-Lieder/05_Der_Soldat_I/lc5024898.mid_type0.mid"
1116,"Wolf,_Hugo/Eichendorff-Lieder/06_Der_Soldat_II",Der Soldat II,5013942,"Wolf,_Hugo",Hugo Wolf,Male,Austrian composer,3,22,"../Lieder/scores/Wolf,_Hugo/Eichendorff-Lieder/06_Der_Soldat_II/lc5025040.mid","['voice', 'piano', 'piano']",True,"../author-profiling-in-symbolic-music/type 0 midis/Wolf,_Hugo/Eichendorff-Lieder/06_Der_Soldat_II/lc5025040.mid_type0.mid"
1117,"Wolf,_Hugo/Eichendorff-Lieder/07_Die_Zigeunerin",Die Zigeunerin,5013942,"Wolf,_Hugo",Hugo Wolf,Male,Austrian composer,3,22,"../Lieder/scores/Wolf,_Hugo/Eichendorff-Lieder/07_Die_Zigeunerin/lc5079629.mid","['voice', 'piano', 'piano']",True,"../author-profiling-in-symbolic-music/type 0 midis/Wolf,_Hugo/Eichendorff-Lieder/07_Die_Zigeunerin/lc5079629.mid_type0.mid"
1118,"Wolf,_Hugo/Eichendorff-Lieder/08_Nachtzauber",Nachtzauber,5013942,"Wolf,_Hugo",Hugo Wolf,Male,Austrian composer,3,22,"../Lieder/scores/Wolf,_Hugo/Eichendorff-Lieder/08_Nachtzauber/lc5039817.mid","['voice', 'piano', 'piano']",True,"../author-profiling-in-symbolic-music/type 0 midis/Wolf,_Hugo/Eichendorff-Lieder/08_Nachtzauber/lc5039817.mid_type0.mid"
1119,"Wolf,_Hugo/Eichendorff-Lieder/09_Der_Schreckenberger",Der Schreckenberger,5013942,"Wolf,_Hugo",Hugo Wolf,Male,Austrian composer,3,22,"../Lieder/scores/Wolf,_Hugo/Eichendorff-Lieder/09_Der_Schreckenberger/lc5027811.mid","['voice', 'piano', 'piano']",True,"../author-profiling-in-symbolic-music/type 0 midis/Wolf,_Hugo/Eichendorff-Lieder/09_Der_Schreckenberger/lc5027811.mid_type0.mid"
1120,"Wolf,_Hugo/Eichendorff-Lieder/10_Der_Glücksritter",Der Glücksritter,5013942,"Wolf,_Hugo",Hugo Wolf,Male,Austrian composer,3,22,"../Lieder/scores/Wolf,_Hugo/Eichendorff-Lieder/10_Der_Glücksritter/lc5032950.mid","['voice', 'piano', 'piano']",True,"../author-profiling-in-symbolic-music/type 0 midis/Wolf,_Hugo/Eichendorff-Lieder/10_Der_Glücksritter/lc5032950.mid_type0.mid"
1121,"Wolf,_Hugo/Eichendorff-Lieder/11_Lieber_Alles",Lieber Alles,5013942,"Wolf,_Hugo",Hugo Wolf,Male,Austrian composer,3,22,"../Lieder/scores/Wolf,_Hugo/Eichendorff-Lieder/11_Lieber_Alles/lc4945807.mid","['voice', 'piano', 'piano']",True,"../author-profiling-in-symbolic-music/type 0 midis/Wolf,_Hugo/Eichendorff-Lieder/11_Lieber_Alles/lc4945807.mid_type0.mid"
1122,"Wolf,_Hugo/Eichendorff-Lieder/12_Heimweh",Heimweh,5013942,"Wolf,_Hugo",Hugo Wolf,Male,Austrian composer,3,22,"../Lieder/scores/Wolf,_Hugo/Eichendorff-Lieder/12_Heimweh/lc5057797.mid","['voice', 'piano', 'piano']",True,"../author-profiling-in-symbolic-music/type 0 midis/Wolf,_Hugo/Eichendorff-Lieder/12_Heimweh/lc5057797.mid_type0.mid"
1123,"Wolf,_Hugo/Eichendorff-Lieder/13_Der_Scholar",Der Scholar,5013942,"Wolf,_Hugo",Hugo Wolf,Male,Austrian composer,3,22,"../Lieder/scores/Wolf,_Hugo/Eichendorff-Lieder/13_Der_Scholar/lc5052792.mid","['voice', 'piano', 'piano']",True,"../author-profiling-in-symbolic-music/type 0 midis/Wolf,_Hugo/Eichendorff-Lieder/13_Der_Scholar/lc5052792.mid_type0.mid"
1124,"Wolf,_Hugo/Eichendorff-Lieder/14_Der_verzweifelte_Liebhaber",Der verzweifelte Liebhaber,5013942,"Wolf,_Hugo",Hugo Wolf,Male,Austrian composer,3,22,"../Lieder/scores/Wolf,_Hugo/Eichendorff-Lieder/14_Der_verzweifelte_Liebhaber/lc5052714.mid","['voice', 'piano', 'piano']",True,"../author-profiling-in-symbolic-music/type 0 midis/Wolf,_Hugo/Eichendorff-Lieder/14_Der_verzweifelte_Liebhaber/lc5052714.mid_type0.mid"
1125,"Wolf,_Hugo/Eichendorff-Lieder/15_Unfall",Unfall,5013942,"Wolf,_Hugo",Hugo Wolf,Male,Austrian composer,3,22,"../Lieder/scores/Wolf,_Hugo/Eichendorff-Lieder/15_Unfall/lc5057804.mid","['voice', 'piano', 'piano']",True,"../author-profiling-in-symbolic-music/type 0 midis/Wolf,_Hugo/Eichendorff-Lieder/15_Unfall/lc5057804.mid_type0.mid"
1126,"Wolf,_Hugo/Eichendorff-Lieder/16_Liebesglück",Liebesglück,5013942,"Wolf,_Hugo",Hugo Wolf,Male,Austrian composer,3,22,"../Lieder/scores/Wolf,_Hugo/Eichendorff-Lieder/16_Liebesglück/lc4928198.mid","['voice', 'piano', 'piano']",True,"../author-profiling-in-symbolic-music/type 0 midis/Wolf,_Hugo/Eichendorff-Lieder/16_Liebesglück/lc4928198.mid_type0.mid"
1127,"Wolf,_Hugo/Eichendorff-Lieder/17_Seemans_Abschied",Seemans Abschied,5013942,"Wolf,_Hugo",Hugo Wolf,Male,Austrian composer,3,22,"../Lieder/scores/Wolf,_Hugo/Eichendorff-Lieder/17_Seemans_Abschied/lc5052822.mid","['voice', 'piano', 'piano']",True,"../author-profiling-in-symbolic-music/type 0 midis/Wolf,_Hugo/Eichendorff-Lieder/17_Seemans_Abschied/lc5052822.mid_type0.mid"
1128,"Wolf,_Hugo/Eichendorff-Lieder/18_Erwartung",Erwartung,5013942,"Wolf,_Hugo",Hugo Wolf,Male,Austrian composer,3,22,"../Lieder/scores/Wolf,_Hugo/Eichendorff-Lieder/18_Erwartung/lc5067337.mid","['voice', 'piano', 'piano']",True,"../author-profiling-in-symbolic-music/type 0 midis/Wolf,_Hugo/Eichendorff-Lieder/18_Erwartung/lc5067337.mid_type0.mid"
1129,"Wolf,_Hugo/Eichendorff-Lieder/19_Die_Nacht",Die Nacht,5013942,"Wolf,_Hugo",Hugo Wolf,Male,Austrian composer,3,22,"../Lieder/scores/Wolf,_Hugo/Eichendorff-Lieder/19_Die_Nacht/lc5052801.mid","['voice', 'piano', 'piano']",True,"../author-profiling-in-symbolic-music/type 0 midis/Wolf,_Hugo/Eichendorff-Lieder/19_Die_Nacht/lc5052801.mid_type0.mid"
1130,"Wolf,_Hugo/Eichendorff-Lieder/20_Waldmädchen",Waldmädchen,5013942,"Wolf,_Hugo",Hugo Wolf,Male,Austrian composer,3,22,"../Lieder/scores/Wolf,_Hugo/Eichendorff-Lieder/20_Waldmädchen/lc5077482.mid","['voice', 'piano', 'piano']",True,"../author-profiling-in-symbolic-music/type 0 midis/Wolf,_Hugo/Eichendorff-Lieder/20_Waldmädchen/lc5077482.mid_type0.mid"
1131,"Wolf,_Hugo/Goethe-Lieder/40_Hoch_beglückt_in_deiner_Liebe",Hoch beglückt in deiner Liebe,5032876,"Wolf,_Hugo",Hugo Wolf,Male,Austrian composer,3,22,"../Lieder/scores/Wolf,_Hugo/Goethe-Lieder/40_Hoch_beglückt_in_deiner_Liebe/lc4945676.mid","['voice', 'piano', 'piano']",True,"../author-profiling-in-symbolic-music/type 0 midis/Wolf,_Hugo/Goethe-Lieder/40_Hoch_beglückt_in_deiner_Liebe/lc4945676.mid_type0.mid"
1132,"Wolf,_Hugo/Mörike-Lieder/09_Nimmersatte_Liebe",Nimmersatte Liebe,5032881,"Wolf,_Hugo",Hugo Wolf,Male,Austrian composer,3,22,"../Lieder/scores/Wolf,_Hugo/Mörike-Lieder/09_Nimmersatte_Liebe/lc4945954.mid","['voice', 'piano', 'piano']",True,"../author-profiling-in-symbolic-music/type 0 midis/Wolf,_Hugo/Mörike-Lieder/09_Nimmersatte_Liebe/lc4945954.mid_type0.mid"
1133,"Wood,_Charles/_/Ethiopia_Saluting_the_Colours",Ethiopia Saluting the Colours,5105774,"Wood,_Charles",Charles Wood,Male,Irish composer and teacher,1,1,"../Lieder/scores/Wood,_Charles/_/Ethiopia_Saluting_the_Colours/lc6568070.mid","['voice', 'piano', 'piano']",True,"../author-profiling-in-symbolic-music/type 0 midis/Wood,_Charles/_/Ethiopia_Saluting_the_Colours/lc6568070.mid_type0.mid"
